25 0.16875 0.390625 0.03046875 0.06640625
1 0.20234375 0.384375 0.034375 0.08125
25 0.2390625 0.3828125 0.03515625 0.07109375
61 0.27578125 0.38125 0.03671875 0.0671875
61 0.3125 0.38359375 0.03203125 0.06484375
48 0.31171875 0.38125 0.03671875 0.0671875
25 0.35 0.38515625 0.0375 0.06875
1 0.3828125 0.38359375 0.0328125 0.06484375
61 0.4171875 0.37734375 0.03359375 0.06640625
48 0.45546875 0.37734375 0.0328125 0.0625
17 0.52265625 0.37734375 0.03203125 0.06640625
39 0.55859375 0.37734375 0.03125 0.0625
25 0.59140625 0.375 0.02734375 0.0609375
24 0.6234375 0.375 0.02890625 0.0640625
17 0.65625 0.37421875 0.03203125 0.0671875
39 0.68828125 0.37734375 0.03046875 0.06640625
25 0.71796875 0.3703125 0.028125 0.06953125
24 0.74921875 0.3734375 0.03046875 0.071875
8 0.16953125 0.471875 0.0359375 0.0703125
33 0.20703125 0.4671875 0.028125 0.0609375
13 0.2421875 0.46640625 0.0328125 0.071875
3 0.28046875 0.46015625 0.0296875 0.08046875
62 0.31640625 0.4609375 0.03203125 0.07109375
48 0.35 0.46015625 0.0296875 0.0625
25 0.421875 0.45625 0.0296875 0.0671875
16 0.4578125 0.4578125 0.0328125 0.06796875
49 0.48984375 0.4546875 0.03125 0.059375
32 0.55703125 0.4546875 0.02734375 0.05546875
9 0.5921875 0.45390625 0.02890625 0.06015625
25 0.62578125 0.45546875 0.03359375 0.0640625
54 0.65546875 0.45234375 0.0265625 0.0703125
25 0.17421875 0.54921875 0.03046875 0.05625
16 0.21015625 0.546875 0.0359375 0.06875
49 0.24453125 0.54453125 0.03203125 0.06328125
25 0.28125 0.54375 0.03046875 0.05859375
16 0.31484375 0.5453125 0.0375 0.078125
49 0.35078125 0.5375 0.03046875 0.05859375
8 0.3875 0.54140625 0.03046875 0.0671875
28 0.42265625 0.53125 0.0265625 0.0703125
40 0.45703125 0.534375 0.03359375 0.065625
42 0.525 0.52890625 0.03125 0.0546875
24 0.5625 0.53125 0.02734375 0.05703125
61 0.5921875 0.528125 0.0296875 0.059375
4 0.62578125 0.5296875 0.02578125 0.0609375
1 0.65625 0.5265625 0.03203125 0.0640625
40 0.6875 0.52421875 0.034375 0.06953125
48 0.7203125 0.52578125 0.02890625 0.065625
25 0.7796875 0.52265625 0.04140625 0.06484375
16 0.8109375 0.51875 0.0234375 0.05859375
49 0.84140625 0.515625 0.0265625 0.07109375
8 0.10859375 0.62265625 0.03359375 0.0609375
9 0.14375 0.62421875 0.0359375 0.0703125
1 0.17890625 0.621875 0.03359375 0.0625
40 0.2171875 0.61953125 0.03984375 0.06875
61 0.24921875 0.621875 0.03046875 0.0625
13 0.2859375 0.6171875 0.0328125 0.06015625
7 0.32109375 0.61640625 0.028125 0.08125
40 0.35625 0.61015625 0.0296875 0.06640625
34 0.4234375 0.61171875 0.0359375 0.06875
30 0.4578125 0.609375 0.0296875 0.06640625
47 0.49375 0.60703125 0.03203125 0.0625
28 0.52734375 0.60703125 0.0296875 0.0625
18 0.56015625 0.6046875 0.02890625 0.06484375
15 0.59375 0.60625 0.03125 0.0609375
15 0.59453125 0.603125 0.02734375 0.06171875
38 0.62421875 0.6046875 0.02890625 0.0671875
45 0.65546875 0.6015625 0.03203125 0.06484375
8 0.18359375 0.7015625 0.03125 0.06328125
15 0.2171875 0.69609375 0.0296875 0.05625
13 0.253125 0.6953125 0.0265625 0.0609375
11 0.290625 0.6953125 0.02734375 0.0609375
8 0.321875 0.6921875 0.03359375 0.071875
15 0.35859375 0.68828125 0.02578125 0.06640625
13 0.3921875 0.6859375 0.025 0.07421875
11 0.42734375 0.6875 0.0375 0.0578125
8 0.49453125 0.68515625 0.03046875 0.06328125
33 0.52734375 0.68046875 0.02578125 0.05703125
62 0.5625 0.678125 0.0234375 0.05859375
9 0.59453125 0.6796875 0.025 0.065625
25 0.65546875 0.6734375 0.0359375 0.05546875
16 0.6890625 0.67421875 0.03125 0.0640625
49 0.7171875 0.66875 0.02265625 0.053125
40 0.7484375 0.6703125 0.0265625 0.06328125
8 0.8078125 0.6671875 0.03046875 0.0640625
9 0.8375 0.6640625 0.02578125 0.06171875
1 0.86640625 0.65859375 0.02578125 0.0671875
40 0.8953125 0.65703125 0.02734375 0.06328125
34 0.921875 0.65546875 0.02890625 0.06328125
38 0.95078125 0.653125 0.0265625 0.06875
45 0.978125 0.64453125 0.02421875 0.078125