1 0.1046875 0.190625 0.0390625 0.0796875
36 0.14375 0.18828125 0.03515625 0.071875
1 0.178125 0.18984375 0.028125 0.065625
13 0.21640625 0.1890625 0.0328125 0.07734375
5 0.25390625 0.18515625 0.0328125 0.06796875
5 0.25390625 0.1921875 0.04140625 0.0765625
1 0.3296875 0.19609375 0.040625 0.08046875
4 0.36484375 0.1890625 0.0296875 0.07265625
49 0.403125 0.18828125 0.0375 0.071875
1 0.440625 0.18984375 0.03671875 0.07109375
4 0.475 0.19296875 0.034375 0.06796875
49 0.5109375 0.18984375 0.02890625 0.065625
28 0.58359375 0.1921875 0.02578125 0.06640625
34 0.61796875 0.19609375 0.0296875 0.08046875
5 0.653125 0.1953125 0.0375 0.07890625
25 0.69140625 0.19296875 0.034375 0.078125
25 0.72578125 0.19453125 0.03984375 0.06796875
13 0.7625 0.19140625 0.03125 0.06484375
53 0.79921875 0.1953125 0.03359375 0.07265625
8 0.0390625 0.27109375 0.03515625 0.06484375
13 0.0734375 0.26953125 0.03046875 0.0625
11 0.1140625 0.271875 0.0359375 0.06796875
37 0.153125 0.26875 0.03828125 0.0578125
7 0.18671875 0.26875 0.03515625 0.07421875
4 0.2203125 0.26875 0.03671875 0.07109375
61 0.29375 0.271875 0.04375 0.06796875
13 0.33046875 0.27109375 0.0328125 0.06171875
42 0.36796875 0.26875 0.04375 0.07890625
28 0.4015625 0.2703125 0.03359375 0.07109375
37 0.440625 0.2734375 0.0390625 0.0703125
30 0.51015625 0.27109375 0.0359375 0.075
62 0.54453125 0.2765625 0.0296875 0.0765625
48 0.58046875 0.2765625 0.03046875 0.0640625
62 0.65390625 0.2734375 0.03203125 0.0703125
11 0.6875 0.27890625 0.03515625 0.08125
45 0.72109375 0.275 0.0328125 0.0703125
31 0.121875 0.34609375 0.0375 0.0703125
61 0.15546875 0.346875 0.03203125 0.0640625
13 0.190625 0.34765625 0.0328125 0.0671875
42 0.22890625 0.3484375 0.03359375 0.0609375
28 0.2640625 0.3453125 0.03203125 0.06875
37 0.2984375 0.35 0.04140625 0.07109375
25 0.3703125 0.35 0.0390625 0.0640625
16 0.40546875 0.353125 0.03125 0.0703125
11 0.440625 0.3515625 0.028125 0.06796875
7 0.471875 0.35390625 0.03828125 0.065625
13 0.5109375 0.35234375 0.03359375 0.06328125
32 0.57890625 0.35625 0.0296875 0.0640625
3 0.61328125 0.353125 0.03203125 0.0640625
36 0.6453125 0.3578125 0.03671875 0.06953125
8 0.6875 0.36484375 0.03046875 0.08671875
26 0.7171875 0.36015625 0.03046875 0.071875
34 0.05703125 0.4265625 0.0375 0.071875
30 0.09375 0.425 0.04140625 0.06875
47 0.13203125 0.421875 0.0296875 0.07578125
61 0.16328125 0.42734375 0.03359375 0.0703125
21 0.196875 0.425 0.03828125 0.06640625
3 0.23515625 0.4234375 0.03203125 0.06640625
1 0.2671875 0.42578125 0.0265625 0.06484375
45 0.30234375 0.42421875 0.03359375 0.06328125
47 0.3375 0.42265625 0.03046875 0.06796875
18 0.13515625 0.49921875 0.03046875 0.05546875
34 0.16875 0.49921875 0.0328125 0.06171875
13 0.203125 0.5 0.02734375 0.06015625
8 0.23828125 0.49375 0.02890625 0.0609375
9 0.27109375 0.49296875 0.040625 0.065625
28 0.34140625 0.4984375 0.028125 0.06015625
8 0.37421875 0.4953125 0.034375 0.0640625
4 0.4078125 0.49765625 0.028125 0.06171875
7 0.440625 0.49921875 0.02265625 0.05859375
13 0.475 0.49765625 0.02578125 0.053125
61 0.54140625 0.50078125 0.03359375 0.0625
13 0.57421875 0.5 0.02421875 0.05703125
1 0.60625 0.50546875 0.03046875 0.071875
7 0.64140625 0.5078125 0.03671875 0.06875
43 0.675 0.50078125 0.0265625 0.07421875
1 0.709375 0.50625 0.0359375 0.0734375
30 0.740625 0.50625 0.02421875 0.06875
61 0.80703125 0.51015625 0.03046875 0.06640625
13 0.84140625 0.50546875 0.02265625 0.05703125
42 0.87421875 0.503125 0.03515625 0.06640625
28 0.903125 0.50390625 0.02265625 0.06171875
62 0.93515625 0.503125 0.02421875 0.07265625
48 0.959375 0.496875 0.02109375 0.0546875
30 0.0765625 0.57109375 0.0328125 0.06015625
34 0.10546875 0.56796875 0.0328125 0.05625
13 0.140625 0.56640625 0.0296875 0.0609375
28 0.2109375 0.5703125 0.03203125 0.0546875
9 0.24375 0.56640625 0.03046875 0.0609375
47 0.27734375 0.56171875 0.02890625 0.0578125
28 0.3109375 0.565625 0.03203125 0.06015625
3 0.346875 0.56484375 0.03046875 0.06171875
5 0.3765625 0.56796875 0.0359375 0.0671875
38 0.41015625 0.56328125 0.03046875 0.06484375
45 0.4421875 0.5625 0.028125 0.06328125