25 0.1234375 0.5515625 0.02734375 0.0609375
54 0.15859375 0.55 0.028125 0.06640625
25 0.1921875 0.54765625 0.02578125 0.06015625
13 0.22265625 0.55 0.028125 0.0609375
27 0.25390625 0.54609375 0.03203125 0.06328125
13 0.28984375 0.54453125 0.0234375 0.059375
32 0.321875 0.540625 0.0265625 0.06328125
42 0.3890625 0.5359375 0.021875 0.0546875
24 0.41875 0.540625 0.03125 0.06328125
61 0.45703125 0.53671875 0.02890625 0.059375
4 0.484375 0.53203125 0.034375 0.059375
1 0.5171875 0.5375 0.028125 0.06328125
40 0.55234375 0.534375 0.034375 0.06328125
13 0.58671875 0.53359375 0.0296875 0.06171875
25 0.646875 0.52734375 0.03125 0.0546875
16 0.68359375 0.528125 0.0234375 0.06953125
49 0.7140625 0.51328125 0.03046875 0.0734375
25 0.75 0.5171875 0.0265625 0.065625
16 0.78125 0.52265625 0.02578125 0.0734375
49 0.81484375 0.5140625 0.028125 0.07265625
43 0.84765625 0.52265625 0.025 0.05859375
0 0.8796875 0.51953125 0.028125 0.06484375
21 0.9140625 0.51875 0.0328125 0.06953125
8 0.06640625 0.625 0.0328125 0.06640625
30 0.1 0.6203125 0.02890625 0.0671875
41 0.13125 0.62109375 0.03125 0.06171875
3 0.159375 0.61875 0.0296875 0.0703125
5 0.19609375 0.61875 0.03046875 0.05625
38 0.22734375 0.615625 0.03125 0.06640625
45 0.2609375 0.6140625 0.02890625 0.06328125
31 0.1359375 0.6875 0.0296875 0.06328125
32 0.1671875 0.68828125 0.02890625 0.06171875
45 0.19609375 0.6859375 0.03515625 0.06640625
8 0.259375 0.6859375 0.03046875 0.0625
13 0.2921875 0.684375 0.02890625 0.0625
11 0.3265625 0.68046875 0.02734375 0.0609375
37 0.3609375 0.6828125 0.02265625 0.05625
7 0.3921875 0.68203125 0.02890625 0.0640625
4 0.425 0.68046875 0.02265625 0.06328125
61 0.48671875 0.68203125 0.0296875 0.0671875
13 0.5234375 0.67734375 0.02578125 0.0546875
42 0.55390625 0.67265625 0.02890625 0.05390625
28 0.58671875 0.6734375 0.02265625 0.05546875
1 0.615625 0.6734375 0.0296875 0.071875
45 0.65078125 0.6703125 0.03125 0.05625
47 0.68359375 0.6671875 0.03203125 0.0703125
31 0.1390625 0.75859375 0.03125 0.05703125
1 0.171875 0.75859375 0.03203125 0.0609375
4 0.20078125 0.75625 0.0296875 0.05625
49 0.234375 0.7515625 0.02734375 0.0609375
1 0.265625 0.75625 0.0296875 0.05625
4 0.29765625 0.753125 0.02578125 0.0609375
49 0.3296875 0.75 0.0296875 0.05625
28 0.39296875 0.75078125 0.03203125 0.053125
34 0.425 0.74609375 0.028125 0.05703125
5 0.45859375 0.746875 0.0296875 0.05859375
25 0.49140625 0.74453125 0.0296875 0.05703125
25 0.52421875 0.74453125 0.0234375 0.05625
13 0.5546875 0.74453125 0.028125 0.053125
7 0.5859375 0.7421875 0.034375 0.0609375
28 0.65 0.7390625 0.02578125 0.0546875
9 0.68125 0.7390625 0.028125 0.0546875
62 0.71484375 0.73359375 0.03046875 0.0625
54 0.746875 0.73359375 0.025 0.05703125
18 0.778125 0.73046875 0.028125 0.06328125
25 0.8125 0.7359375 0.03125 0.0609375
21 0.84375 0.73203125 0.025 0.053125
38 0.8734375 0.7265625 0.03046875 0.0640625
45 0.90703125 0.72890625 0.0265625 0.0625
47 0.9390625 0.72265625 0.0328125 0.059375