18 0.13359375 0.4546875 0.03125 0.0625
4 0.165625 0.45234375 0.02890625 0.06171875
15 0.196875 0.4515625 0.03203125 0.06640625
13 0.22421875 0.45 0.03125 0.06953125
49 0.26015625 0.45234375 0.02890625 0.0734375
18 0.29296875 0.4609375 0.0296875 0.07109375
4 0.32421875 0.46015625 0.02890625 0.065625
15 0.35859375 0.459375 0.02734375 0.0671875
13 0.39296875 0.46171875 0.03125 0.07265625
49 0.425 0.45546875 0.0265625 0.07421875
8 0.48828125 0.465625 0.03203125 0.0671875
4 0.52265625 0.46953125 0.0296875 0.06953125
25 0.55546875 0.46640625 0.0328125 0.071875
5 0.58671875 0.46875 0.03203125 0.07734375
19 0.61875 0.475 0.04296875 0.07265625
10 0.68515625 0.46953125 0.0359375 0.06796875
15 0.721875 0.4703125 0.03203125 0.06640625
17 0.7578125 0.47265625 0.02734375 0.06484375
4 0.78828125 0.4765625 0.02578125 0.06640625
49 0.81953125 0.46875 0.0375 0.07734375
13 0.8546875 0.471875 0.01953125 0.06640625
1 0.8875 0.4828125 0.0359375 0.07265625
45 0.91875 0.47421875 0.03125 0.06875
1 0.1359375 0.5234375 0.0265625 0.06328125
5 0.16796875 0.51875 0.03203125 0.05859375
33 0.20078125 0.51640625 0.02421875 0.07265625
8 0.23203125 0.528125 0.03203125 0.0671875
19 0.2609375 0.5296875 0.02890625 0.0765625
1 0.32734375 0.5296875 0.03359375 0.0765625
12 0.3578125 0.53125 0.028125 0.06640625
61 0.39140625 0.53671875 0.03125 0.06796875
30 0.4234375 0.53359375 0.02890625 0.0609375
7 0.45390625 0.5265625 0.03515625 0.08359375
61 0.55390625 0.5390625 0.02890625 0.0625
25 0.5203125 0.53671875 0.0359375 0.06171875
59 0.58203125 0.53671875 0.0328125 0.06796875
25 0.61640625 0.5359375 0.0421875 0.0734375
61 0.6515625 0.54453125 0.03671875 0.06015625
59 0.6828125 0.54296875 0.02890625 0.065625
8 0.75 0.55 0.03515625 0.0765625
4 0.78203125 0.54921875 0.034375 0.06640625
0 0.81796875 0.54921875 0.03359375 0.07265625
0 0.8515625 0.5546875 0.02578125 0.0875
61 0.8765625 0.55625 0.03359375 0.0765625
30 0.9125 0.55390625 0.03359375 0.07265625
7 0.9484375 0.55234375 0.03515625 0.0984375
25 0.08359375 0.5765625 0.03125 0.06484375
61 0.109375 0.58828125 0.025 0.0609375
39 0.14140625 0.5890625 0.0265625 0.053125
25 0.171875 0.58515625 0.034375 0.06328125
61 0.20390625 0.59453125 0.025 0.0609375
39 0.2328125 0.5953125 0.03359375 0.06953125
34 0.2921875 0.596875 0.0359375 0.053125
27 0.328125 0.596875 0.03125 0.06640625
61 0.3609375 0.59921875 0.025 0.06015625
36 0.390625 0.6 0.02265625 0.0609375
61 0.42109375 0.60078125 0.03125 0.0640625
30 0.45546875 0.60234375 0.02265625 0.059375
7 0.4875 0.60234375 0.025 0.0734375
8 0.1453125 0.65234375 0.0296875 0.0671875
30 0.17734375 0.65703125 0.025 0.06328125
1 0.20390625 0.66171875 0.03125 0.06328125
4 0.23359375 0.66484375 0.02421875 0.05859375
8 0.265625 0.66328125 0.0296875 0.05859375
30 0.296875 0.6578125 0.02578125 0.0546875
1 0.32734375 0.671875 0.03046875 0.06015625
4 0.359375 0.66640625 0.02109375 0.05234375
5 0.42265625 0.6671875 0.025 0.0640625
25 0.45546875 0.6703125 0.03125 0.0484375
5 0.4875 0.671875 0.03203125 0.06328125
25 0.5453125 0.67578125 0.02890625 0.05078125
4 0.5796875 0.67734375 0.02578125 0.0515625
27 0.609375 0.6796875 0.02578125 0.0625
5 0.64375 0.6796875 0.03046875 0.0625
5 0.6734375 0.67890625 0.028125 0.0671875