1 0.13359375 0.29609375 0.03125 0.05625
4 0.16640625 0.29296875 0.0296875 0.05546875
49 0.19921875 0.29375 0.03125 0.0671875
1 0.22890625 0.296875 0.028125 0.05078125
4 0.26328125 0.296875 0.02421875 0.0546875
49 0.29609375 0.29375 0.03359375 0.06171875
28 0.36171875 0.3015625 0.02890625 0.059375
34 0.38984375 0.2984375 0.0296875 0.0578125
5 0.421875 0.2953125 0.0296875 0.05390625
25 0.45234375 0.2953125 0.03359375 0.0578125
25 0.48046875 0.2921875 0.0359375 0.06171875
13 0.51171875 0.296875 0.028125 0.053125
53 0.5453125 0.29765625 0.03125 0.06171875
17 0.60546875 0.3015625 0.0265625 0.059375
26 0.63125 0.2984375 0.02734375 0.053125
34 0.6625 0.29921875 0.034375 0.05859375
13 0.69609375 0.2984375 0.02734375 0.06640625
37 0.728125 0.3 0.02265625 0.05703125
32 0.790625 0.29609375 0.0359375 0.05546875
3 0.82578125 0.296875 0.03125 0.05078125
5 0.859375 0.29765625 0.0328125 0.06484375
14 0.8953125 0.2953125 0.02890625 0.06796875
62 0.1359375 0.36640625 0.02890625 0.06015625
15 0.16953125 0.36953125 0.028125 0.05625
37 0.2 0.36796875 0.0265625 0.0609375
13 0.2640625 0.3625 0.0265625 0.053125
11 0.29765625 0.36640625 0.03125 0.06015625
0 0.3296875 0.36640625 0.0296875 0.05703125
5 0.3625 0.36640625 0.03125 0.05703125
34 0.41875 0.36875 0.03828125 0.06875
41 0.45234375 0.36484375 0.0328125 0.06171875
61 0.48359375 0.3671875 0.0296875 0.05859375
21 0.5125 0.36796875 0.02421875 0.05390625
45 0.5421875 0.365625 0.0296875 0.05859375
25 0.1375 0.43828125 0.03515625 0.06328125
16 0.16953125 0.4359375 0.02578125 0.0578125
49 0.2 0.43125 0.0296875 0.05859375
25 0.23203125 0.4328125 0.03515625 0.0578125
16 0.2671875 0.43125 0.0359375 0.06796875
49 0.29921875 0.43125 0.02734375 0.05859375
8 0.3625 0.4359375 0.034375 0.0640625
28 0.39375 0.4328125 0.02578125 0.05546875
40 0.4234375 0.4359375 0.034375 0.0578125
42 0.48125 0.4328125 0.0328125 0.0578125
24 0.5171875 0.43515625 0.03046875 0.05234375
61 0.54296875 0.43359375 0.02734375 0.0625
4 0.57109375 0.43515625 0.02421875 0.05234375
1 0.59921875 0.43203125 0.028125 0.05703125
40 0.6328125 0.43125 0.02734375 0.06171875
21 0.66015625 0.43671875 0.025 0.05625
61 0.690625 0.43671875 0.028125 0.06484375
21 0.72265625 0.43359375 0.02890625 0.065625
10 0.1390625 0.50546875 0.021875 0.05859375
15 0.1703125 0.50625 0.0234375 0.05546875
17 0.20625 0.50625 0.0296875 0.05703125
4 0.23515625 0.5078125 0.034375 0.0625
49 0.26875 0.5015625 0.02890625 0.05390625
21 0.3015625 0.50546875 0.025 0.05859375
25 0.3640625 0.50078125 0.03203125 0.0578125
25 0.3921875 0.49921875 0.03359375 0.06015625
36 0.425 0.5015625 0.028125 0.05390625
7 0.45625 0.4984375 0.03359375 0.05625
5 0.48359375 0.49921875 0.03125 0.05546875
34 0.51484375 0.4984375 0.02890625 0.05703125
13 0.54375 0.4984375 0.02578125 0.05703125
1 0.57109375 0.503125 0.0265625 0.06015625
58 0.60078125 0.4984375 0.02734375 0.05703125
62 0.65859375 0.5015625 0.02734375 0.0640625
8 0.68828125 0.50234375 0.021875 0.07109375
4 0.7234375 0.503125 0.034375 0.05625
37 0.753125 0.503125 0.03515625 0.059375
61 0.07421875 0.58046875 0.0359375 0.0625
13 0.11015625 0.578125 0.02578125 0.06015625
42 0.1421875 0.57734375 0.02890625 0.06015625
28 0.175 0.57734375 0.02734375 0.05859375
7 0.2046875 0.57734375 0.0328125 0.06953125
40 0.2375 0.5765625 0.02890625 0.0609375
1 0.303125 0.5734375 0.0296875 0.06875
5 0.334375 0.57578125 0.03203125 0.06328125
45 0.3640625 0.5671875 0.02734375 0.05546875
42 0.39375 0.565625 0.0296875 0.053125
43 0.428125 0.565625 0.02734375 0.05234375
25 0.453125 0.56171875 0.0265625 0.05546875
5 0.4859375 0.56328125 0.028125 0.04765625
62 0.540625 0.5609375 0.0296875 0.06328125
15 0.57265625 0.5609375 0.02890625 0.07421875
37 0.59921875 0.56640625 0.03046875 0.07109375
1 0.6578125 0.56875 0.03125 0.06953125
42 0.68671875 0.5609375 0.03125 0.06015625
43 0.7171875 0.5640625 0.02578125 0.05625
3 0.7484375 0.56484375 0.0265625 0.0546875
5 0.77890625 0.56796875 0.03203125 0.06015625
45 0.8125 0.56640625 0.03125 0.07109375
1 0.1453125 0.64453125 0.0359375 0.06484375
62 0.20703125 0.640625 0.03203125 0.0625
28 0.240625 0.640625 0.034375 0.0625
40 0.2734375 0.64140625 0.028125 0.0546875
25 0.3328125 0.6359375 0.034375 0.06171875
1 0.36328125 0.6375 0.03125 0.0640625
15 0.39765625 0.63203125 0.0296875 0.0625
25 0.4234375 0.628125 0.03046875 0.05859375
37 0.45703125 0.628125 0.034375 0.04921875
34 0.484375 0.6296875 0.03125 0.05859375
13 0.51640625 0.6296875 0.03046875 0.06171875
8 0.571875 0.62890625 0.02734375 0.06015625
13 0.59765625 0.625 0.0234375 0.0671875
11 0.628125 0.625 0.02734375 0.0640625
37 0.6578125 0.6234375 0.0265625 0.0640625
7 0.684375 0.63125 0.03046875 0.0578125
4 0.71875 0.62890625 0.02890625 0.05390625
16 0.775 0.63671875 0.02890625 0.06171875
15 0.80859375 0.63515625 0.03125 0.06328125
1 0.83984375 0.6421875 0.03359375 0.07265625
11 0.875 0.646875 0.028125 0.06875
40 0.9078125 0.6515625 0.03515625 0.06484375
37 0.08671875 0.71171875 0.0296875 0.05859375
11 0.11796875 0.71328125 0.0296875 0.06640625
25 0.1796875 0.71015625 0.03515625 0.05546875
4 0.209375 0.709375 0.02734375 0.0546875
5 0.271875 0.7078125 0.021875 0.05546875
22 0.30546875 0.70859375 0.03203125 0.05625
33 0.3359375 0.7078125 0.03203125 0.053125
5 0.36875 0.703125 0.025 0.05625
38 0.39765625 0.69921875 0.02734375 0.05234375
45 0.42578125 0.69453125 0.0375 0.0671875
8 0.153125 0.778125 0.03203125 0.0671875
13 0.18046875 0.778125 0.02734375 0.0671875
28 0.2140625 0.77421875 0.02890625 0.06171875
9 0.24296875 0.77421875 0.028125 0.07265625
18 0.27265625 0.778125 0.0296875 0.0671875
15 0.30546875 0.7734375 0.03046875 0.0578125
38 0.33671875 0.7734375 0.03125 0.06484375
45 0.36640625 0.76640625 0.02734375 0.0578125
29 0.15390625 0.840625 0.028125 0.059375
1 0.21484375 0.84453125 0.03046875 0.06015625
4 0.246875 0.840625 0.02578125 0.059375
49 0.27734375 0.83515625 0.025 0.053125
1 0.30703125 0.840625 0.02578125 0.0671875
4 0.3359375 0.83828125 0.0328125 0.06171875
49 0.36796875 0.834375 0.034375 0.0546875
28 0.39921875 0.83359375 0.03046875 0.05234375
34 0.42890625 0.8296875 0.03203125 0.059375
5 0.4578125 0.82265625 0.0296875 0.059375
25 0.484375 0.81875 0.02890625 0.06796875
25 0.51484375 0.81328125 0.02265625 0.05625
13 0.546875 0.8171875 0.03125 0.06171875