31 0.10234375 0.6625 0.0265625 0.0546875
20 0.13046875 0.66328125 0.02265625 0.06171875
15 0.15859375 0.65703125 0.02734375 0.05703125
1 0.1890625 0.6578125 0.025 0.0546875
40 0.2203125 0.6625 0.0265625 0.0609375
28 0.25078125 0.66015625 0.0296875 0.0625
7 0.28125 0.6609375 0.02578125 0.0640625
34 0.34453125 0.65859375 0.02890625 0.05390625
27 0.375 0.65859375 0.025 0.05234375
25 0.409375 0.66328125 0.0296875 0.06015625
37 0.440625 0.66015625 0.02734375 0.05390625
9 0.4703125 0.65703125 0.03671875 0.05703125
8 0.50390625 0.65625 0.03046875 0.05625
9 0.53984375 0.65859375 0.028125 0.05234375
14 0.5734375 0.65703125 0.0296875 0.06015625
47 0.60859375 0.65625 0.02890625 0.06484375
25 0.10625 0.73046875 0.03203125 0.0546875
54 0.1328125 0.72890625 0.02265625 0.0484375
25 0.1609375 0.73203125 0.0265625 0.05390625
13 0.18828125 0.73046875 0.02734375 0.0515625
27 0.21953125 0.72890625 0.0296875 0.0484375
13 0.2484375 0.73046875 0.02578125 0.0546875
37 0.28125 0.7296875 0.03046875 0.05703125
42 0.34609375 0.73125 0.028125 0.05546875
24 0.37578125 0.7296875 0.025 0.05703125
61 0.409375 0.73203125 0.02734375 0.05546875
4 0.44140625 0.73046875 0.03125 0.05859375
1 0.47265625 0.72890625 0.0328125 0.06171875
40 0.50546875 0.725 0.0359375 0.0640625
21 0.5421875 0.7328125 0.0265625 0.05703125
61 0.57578125 0.7359375 0.0296875 0.06171875
21 0.60546875 0.73046875 0.03359375 0.05859375
8 0.67890625 0.7328125 0.028125 0.0625
11 0.7125 0.728125 0.02578125 0.06953125
18 0.74921875 0.7265625 0.0328125 0.059375
15 0.78515625 0.7296875 0.0265625 0.06015625
3 0.821875 0.73203125 0.04140625 0.06171875
5 0.86015625 0.7328125 0.03125 0.0625
38 0.89609375 0.73203125 0.034375 0.07421875
45 0.93515625 0.73125 0.0359375 0.0703125