31 0.10859375 0.1203125 0.0234375 0.06171875
18 0.1390625 0.11953125 0.02734375 0.06328125
39 0.16875 0.11640625 0.025 0.0609375
25 0.203125 0.11796875 0.0359375 0.05546875
13 0.23515625 0.11484375 0.02578125 0.06015625
62 0.296875 0.109375 0.0328125 0.059375
27 0.3296875 0.10703125 0.02890625 0.0703125
48 0.36328125 0.11484375 0.03359375 0.06328125
8 0.43046875 0.115625 0.03125 0.05859375
13 0.4625 0.11171875 0.0296875 0.0578125
11 0.49375 0.11015625 0.02734375 0.0609375
37 0.52890625 0.109375 0.0265625 0.059375
7 0.5625 0.11328125 0.03125 0.06484375
4 0.59453125 0.1109375 0.034375 0.065625
13 0.66171875 0.1140625 0.02734375 0.05859375
3 0.69296875 0.11015625 0.028125 0.0578125
5 0.72421875 0.11328125 0.02578125 0.0546875
31 0.75546875 0.11484375 0.02421875 0.05703125
28 0.05546875 0.2 0.02578125 0.0515625
34 0.084375 0.19765625 0.02578125 0.0578125
5 0.1078125 0.19453125 0.0296875 0.05859375
25 0.1390625 0.19140625 0.02734375 0.05078125
25 0.1703125 0.19296875 0.0296875 0.0515625
13 0.203125 0.18828125 0.02890625 0.05078125
25 0.2328125 0.1859375 0.0359375 0.05859375
61 0.26640625 0.18515625 0.03046875 0.05625
21 0.30078125 0.18828125 0.028125 0.05859375
25 0.3609375 0.184375 0.0375 0.06171875
16 0.396875 0.184375 0.02734375 0.0578125
49 0.42890625 0.18125 0.0296875 0.0640625
40 0.46484375 0.1796875 0.03046875 0.06484375
8 0.53046875 0.1859375 0.0234375 0.06796875
9 0.5625 0.18125 0.02890625 0.0703125
1 0.59453125 0.18515625 0.02578125 0.06484375
40 0.62890625 0.18203125 0.034375 0.065625
5 0.6609375 0.1828125 0.0328125 0.0640625
37 0.05703125 0.2703125 0.02890625 0.0578125
44 0.08671875 0.26875 0.02890625 0.04765625
1 0.11328125 0.26796875 0.02890625 0.059375
1 0.1390625 0.265625 0.025 0.06015625
36 0.17265625 0.2625 0.0375 0.0609375
7 0.20234375 0.26328125 0.025 0.0640625
13 0.23515625 0.265625 0.03125 0.06796875
8 0.2671875 0.2609375 0.028125 0.06875
26 0.2984375 0.25625 0.028125 0.07265625
34 0.3609375 0.25546875 0.0265625 0.0609375
30 0.39765625 0.25625 0.0265625 0.0578125
47 0.4328125 0.25 0.02265625 0.0796875
40 0.46484375 0.25703125 0.0390625 0.0609375
10 0.4984375 0.25859375 0.02890625 0.06640625
21 0.52890625 0.25546875 0.02578125 0.0609375
9 0.5625 0.25859375 0.02578125 0.0796875
1 0.59609375 0.259375 0.03125 0.075
21 0.6296875 0.259375 0.03359375 0.06171875
45 0.66015625 0.25546875 0.03203125 0.0671875
47 0.690625 0.2484375 0.0328125 0.0859375
25 0.11484375 0.334375 0.03125 0.05703125
54 0.14375 0.3359375 0.02734375 0.053125
25 0.17421875 0.33125 0.02578125 0.05859375
13 0.20234375 0.33515625 0.03203125 0.0609375
27 0.234375 0.32265625 0.0265625 0.06953125
13 0.26875 0.33359375 0.03125 0.0640625
8 0.33359375 0.33828125 0.02890625 0.06328125
11 0.36640625 0.33515625 0.02734375 0.0609375
21 0.3984375 0.33125 0.034375 0.06640625
1 0.4625 0.33671875 0.03515625 0.0640625
1 0.496875 0.32734375 0.028125 0.071875
40 0.53046875 0.3265625 0.0359375 0.08984375
62 0.5953125 0.33046875 0.03203125 0.0578125
19 0.6265625 0.33125 0.02578125 0.06640625
13 0.6609375 0.32578125 0.0296875 0.06171875
16 0.05859375 0.4140625 0.0296875 0.0671875
9 0.08671875 0.4109375 0.02421875 0.06328125
25 0.1140625 0.4109375 0.03359375 0.05859375
34 0.1453125 0.41015625 0.0328125 0.06484375
0 0.17421875 0.40625 0.0234375 0.06171875
18 0.2046875 0.40625 0.03203125 0.06171875
15 0.2359375 0.4046875 0.02734375 0.0546875
3 0.26953125 0.409375 0.03203125 0.06640625
5 0.3046875 0.409375 0.0328125 0.0640625
38 0.33359375 0.4046875 0.028125 0.05859375
45 0.3671875 0.40234375 0.02890625 0.0640625
31 0.11484375 0.47578125 0.03359375 0.0609375
62 0.146875 0.47734375 0.0328125 0.06484375
62 0.1765625 0.47734375 0.03046875 0.06015625
48 0.20546875 0.478125 0.02890625 0.06015625
8 0.2734375 0.478125 0.028125 0.06875
13 0.2984375 0.4765625 0.0359375 0.06328125
11 0.33671875 0.47890625 0.03046875 0.05703125
37 0.36875 0.47890625 0.03125 0.0703125
7 0.4 0.478125 0.03671875 0.06875
4 0.43359375 0.475 0.03125 0.05625
16 0.49609375 0.4796875 0.0328125 0.05859375
9 0.5296875 0.47734375 0.02421875 0.0546875
2 0.59453125 0.475 0.034375 0.0640625
5 0.63203125 0.4765625 0.03515625 0.059375
22 0.6625 0.47578125 0.03046875 0.07109375
13 0.7265625 0.47109375 0.02890625 0.0546875
3 0.75546875 0.46875 0.034375 0.0640625
5 0.7890625 0.4703125 0.03203125 0.0578125
45 0.8203125 0.4703125 0.02734375 0.06328125
47 0.84921875 0.46640625 0.0328125 0.06875
31 0.1171875 0.54453125 0.028125 0.06953125
62 0.14765625 0.5484375 0.0296875 0.0546875
9 0.17734375 0.553125 0.025 0.0671875
1 0.23828125 0.55390625 0.02734375 0.065625
4 0.26953125 0.55 0.03203125 0.0609375
25 0.3359375 0.55 0.03046875 0.0578125
4 0.36953125 0.54765625 0.02734375 0.05390625
12 0.40078125 0.54375 0.0265625 0.06171875
37 0.43359375 0.546875 0.0328125 0.05078125
7 0.46796875 0.54453125 0.034375 0.05625
28 0.4984375 0.54765625 0.03125 0.05625
0 0.53359375 0.5453125 0.0328125 0.06171875
62 0.59609375 0.55 0.03046875 0.07109375
27 0.6296875 0.5421875 0.02890625 0.059375
28 0.66328125 0.54765625 0.02734375 0.0625
3 0.6953125 0.54140625 0.03203125 0.0640625
5 0.72734375 0.5453125 0.02578125 0.0671875
45 0.75703125 0.5421875 0.02734375 0.0578125
47 0.790625 0.5390625 0.03203125 0.0625
10 0.11875 0.61875 0.03359375 0.06328125
11 0.14921875 0.62109375 0.0328125 0.0671875
10 0.18125 0.621875 0.0296875 0.06953125
11 0.21171875 0.62265625 0.03203125 0.06796875
10 0.24140625 0.61796875 0.03046875 0.071875
11 0.2765625 0.62265625 0.0265625 0.06796875
16 0.334375 0.6234375 0.0359375 0.06171875
0 0.37265625 0.61640625 0.0359375 0.05859375
16 0.4015625 0.6171875 0.02578125 0.06015625
0 0.43203125 0.61796875 0.0375 0.06171875
16 0.4671875 0.6203125 0.03125 0.0625
0 0.5015625 0.62109375 0.02578125 0.0609375
45 0.53046875 0.61640625 0.0328125 0.05859375
42 0.11953125 0.6875 0.03359375 0.0578125
24 0.15 0.690625 0.02265625 0.05703125
61 0.18125 0.69296875 0.02734375 0.065625
4 0.209375 0.69296875 0.025 0.0625
1 0.2421875 0.6953125 0.03046875 0.06328125
40 0.275 0.68984375 0.03046875 0.06015625
48 0.3078125 0.69296875 0.0375 0.059375
34 0.36640625 0.68984375 0.034375 0.059375
30 0.40078125 0.69140625 0.025 0.06328125
61 0.43515625 0.6953125 0.03359375 0.06328125
36 0.46796875 0.69296875 0.034375 0.05546875
27 0.50078125 0.6890625 0.03125 0.0609375
25 0.53046875 0.6859375 0.0359375 0.06640625
25 0.56328125 0.68515625 0.03515625 0.059375
13 0.5953125 0.68359375 0.034375 0.06015625
0 0.6328125 0.690625 0.03984375 0.0703125
62 0.6953125 0.6890625 0.02578125 0.075
27 0.725 0.6828125 0.0265625 0.06796875
48 0.75859375 0.6859375 0.03046875 0.06875
8 0.071875 0.75390625 0.02109375 0.065625
13 0.09609375 0.75234375 0.02890625 0.065625
11 0.125 0.75859375 0.03125 0.07421875
37 0.15234375 0.759375 0.03046875 0.065625
7 0.18359375 0.7625 0.025 0.05
4 0.215625 0.759375 0.02890625 0.05703125
7 0.24140625 0.7578125 0.03515625 0.0765625
40 0.27421875 0.76484375 0.03046875 0.06015625
8 0.3390625 0.7625 0.03203125 0.059375
30 0.36953125 0.76171875 0.0296875 0.06484375
28 0.4015625 0.76171875 0.03359375 0.0609375
3 0.43515625 0.7625 0.03046875 0.053125
5 0.46953125 0.76171875 0.034375 0.0546875
38 0.50078125 0.7640625 0.02578125 0.05859375
45 0.534375 0.75859375 0.028125 0.05546875
31 0.13046875 0.8234375 0.0265625 0.05859375
8 0.15625 0.82578125 0.02890625 0.059375
4 0.184375 0.8296875 0.0328125 0.05859375
25 0.215625 0.82734375 0.03515625 0.059375
48 0.24765625 0.828125 0.028125 0.0546875
25 0.303125 0.83046875 0.03515625 0.071875
16 0.33828125 0.834375 0.03046875 0.07421875
49 0.371875 0.828125 0.02890625 0.06796875
40 0.40546875 0.8375 0.03046875 0.0640625
8 0.46875 0.8375 0.03203125 0.06015625
9 0.5 0.83515625 0.0296875 0.06953125
1 0.53359375 0.82890625 0.02890625 0.06328125
40 0.565625 0.83046875 0.02734375 0.06015625
25 0.59609375 0.83203125 0.03359375 0.0625
37 0.6328125 0.83046875 0.03046875 0.06875
31 0.6625 0.8234375 0.025 0.065625
47 0.69296875 0.82890625 0.02890625 0.06953125
25 0.13203125 0.8921875 0.0296875 0.05078125
54 0.15703125 0.896875 0.02421875 0.06015625
25 0.18828125 0.8953125 0.03359375 0.05859375
13 0.21796875 0.896875 0.021875 0.046875
27 0.2484375 0.8984375 0.02578125 0.05703125
13 0.27734375 0.89921875 0.021875 0.05546875
37 0.31015625 0.9 0.02421875 0.05078125
42 0.375 0.90625 0.021875 0.05625
24 0.4046875 0.9046875 0.02890625 0.0625
61 0.4390625 0.90625 0.03515625 0.05625
4 0.46875 0.90625 0.03125 0.05625
1 0.5015625 0.90546875 0.028125 0.05390625
40 0.53359375 0.9046875 0.034375 0.0625
21 0.56796875 0.9 0.02890625 0.05625
21 0.6296875 0.9015625 0.03125 0.05625
8 0.69375 0.89765625 0.025 0.06171875
41 0.72265625 0.89296875 0.02890625 0.05625
5 0.75390625 0.89375 0.0328125 0.0546875
3 0.7859375 0.8875 0.03125 0.06171875
5 0.81796875 0.8890625 0.03359375 0.06484375
38 0.84453125 0.88984375 0.03203125 0.06328125
45 0.87734375 0.88359375 0.02265625 0.06328125