59 0.14453125 0.38515625 0.03359375 0.06875
61 0.17890625 0.384375 0.02734375 0.06640625
36 0.21015625 0.3859375 0.0296875 0.06640625
33 0.24453125 0.38671875 0.02578125 0.0609375
16 0.2734375 0.384375 0.03359375 0.053125
59 0.3078125 0.38359375 0.03515625 0.06484375
61 0.3421875 0.3890625 0.03046875 0.0625
36 0.375 0.38984375 0.03125 0.06484375
33 0.41171875 0.38359375 0.03125 0.0671875
16 0.4765625 0.38671875 0.0390625 0.06875
4 0.51171875 0.390625 0.03359375 0.07265625
17 0.54609375 0.390625 0.03515625 0.06640625
19 0.58046875 0.39375 0.03515625 0.0625
16 0.65 0.39453125 0.03203125 0.07109375
9 0.68359375 0.390625 0.03125 0.07265625
34 0.71875 0.3953125 0.0359375 0.07578125
4 0.75703125 0.39296875 0.03359375 0.071875
61 0.78046875 0.396875 0.0265625 0.06484375
1 0.11640625 0.46171875 0.0296875 0.0625
59 0.14921875 0.4609375 0.03359375 0.0640625
61 0.18203125 0.46171875 0.02890625 0.0625
40 0.2140625 0.46171875 0.03359375 0.0625
1 0.24375 0.4578125 0.03046875 0.06171875
59 0.27578125 0.4625 0.03203125 0.0640625
61 0.309375 0.46484375 0.03203125 0.06875
40 0.3453125 0.46484375 0.03125 0.06875
61 0.40859375 0.4671875 0.03828125 0.0703125
41 0.44375 0.46484375 0.0328125 0.06875
7 0.47734375 0.46875 0.0375 0.07734375
43 0.5109375 0.46484375 0.03359375 0.06875
61 0.5453125 0.46796875 0.0359375 0.07578125
41 0.5796875 0.4671875 0.03671875 0.0703125
7 0.6125 0.46796875 0.0328125 0.084375
7 0.64765625 0.47109375 0.03984375 0.08125
43 0.646875 0.46953125 0.040625 0.0828125
8 0.12265625 0.53125 0.03203125 0.0703125
30 0.14921875 0.53203125 0.034375 0.0671875
11 0.1828125 0.53359375 0.0328125 0.0640625
7 0.21484375 0.53515625 0.0328125 0.0640625
28 0.246875 0.5328125 0.034375 0.06015625
49 0.278125 0.5328125 0.03515625 0.065625
8 0.31171875 0.534375 0.0328125 0.0671875
30 0.3453125 0.53671875 0.0296875 0.06328125
11 0.3765625 0.53984375 0.02265625 0.0703125
7 0.40625 0.53984375 0.04140625 0.0640625
28 0.44296875 0.54140625 0.02734375 0.0640625
49 0.4765625 0.53828125 0.03359375 0.0671875
62 0.54296875 0.54296875 0.0296875 0.0609375
30 0.5734375 0.54296875 0.03828125 0.06328125
7 0.61015625 0.54765625 0.03828125 0.0625
36 0.64140625 0.5484375 0.03203125 0.06484375
33 0.6765625 0.54453125 0.02890625 0.06015625
62 0.71171875 0.5484375 0.03125 0.07421875
30 0.7484375 0.546875 0.03046875 0.07421875
7 0.77890625 0.5484375 0.03515625 0.06796875
36 0.81328125 0.54765625 0.03515625 0.07265625
33 0.8484375 0.54453125 0.0296875 0.0703125
25 0.121875 0.60234375 0.0296875 0.06328125
13 0.15625 0.60078125 0.02890625 0.0625
37 0.18671875 0.60078125 0.02421875 0.0671875
9 0.21796875 0.60546875 0.03046875 0.06015625
8 0.28125 0.60546875 0.03046875 0.06328125
44 0.31484375 0.60546875 0.0265625 0.06015625
42 0.34765625 0.60625 0.0296875 0.0640625
6 0.375 0.61015625 0.02890625 0.05625
61 0.440625 0.61484375 0.03046875 0.0609375
4 0.475 0.61328125 0.03046875 0.0625
6 0.50859375 0.6140625 0.03515625 0.059375
62 0.57109375 0.6203125 0.03359375 0.0625
15 0.60546875 0.61953125 0.0359375 0.0640625
8 0.640625 0.61875 0.03359375 0.06875
26 0.67265625 0.61796875 0.02578125 0.05859375
16 0.1125 0.38671875 0.02890625 0.071875
28 0.1296875 0.66875 0.02578125 0.0578125
49 0.159375 0.66953125 0.02578125 0.0546875
61 0.190625 0.66953125 0.025 0.05625
36 0.221875 0.6703125 0.028125 0.053125
27 0.253125 0.671875 0.025 0.05703125
62 0.28359375 0.67265625 0.02578125 0.05078125
20 0.3140625 0.671875 0.0265625 0.06015625
49 0.34609375 0.67109375 0.028125 0.071875
62 0.37734375 0.67734375 0.02578125 0.0546875
21 0.41015625 0.67734375 0.02890625 0.06015625
7 0.44296875 0.67734375 0.025 0.06171875
7 0.50625 0.6859375 0.03046875 0.0609375
13 0.5390625 0.6796875 0.03046875 0.059375
49 0.57265625 0.68515625 0.0265625 0.05703125
7 0.603125 0.6890625 0.0296875 0.0578125
13 0.634375 0.68671875 0.028125 0.0625
49 0.66796875 0.68515625 0.02578125 0.0703125
13 0.70390625 0.6921875 0.02890625 0.05703125
62 0.7375 0.690625 0.02578125 0.05703125
21 0.7703125 0.69453125 0.03203125 0.065625
7 0.803125 0.6953125 0.028125 0.07109375
25 0.075 0.73359375 0.03359375 0.0640625
54 0.1046875 0.734375 0.0359375 0.065625
25 0.13359375 0.73359375 0.0359375 0.0609375
13 0.16171875 0.734375 0.03046875 0.065625
27 0.1953125 0.734375 0.02734375 0.059375
13 0.2234375 0.7359375 0.03046875 0.05625
62 0.25234375 0.73984375 0.03125 0.0671875
21 0.2859375 0.7421875 0.034375 0.0578125
7 0.31640625 0.7421875 0.028125 0.08125
41 0.37890625 0.74375 0.03125 0.0515625
10 0.41171875 0.75078125 0.0234375 0.06328125
4 0.440625 0.75078125 0.03125 0.06328125
49 0.47421875 0.74765625 0.02890625 0.05625
13 0.50390625 0.74765625 0.03046875 0.065625
62 0.53671875 0.7515625 0.025 0.06015625
21 0.56796875 0.75625 0.0296875 0.05703125