1 0.14296875 0.271875 0.028125 0.06015625
4 0.16796875 0.271875 0.0328125 0.0546875
49 0.19375 0.26640625 0.02265625 0.05859375
1 0.21796875 0.2734375 0.028125 0.05703125
4 0.246875 0.27578125 0.02421875 0.05234375
49 0.27265625 0.27109375 0.0234375 0.059375
28 0.32734375 0.284375 0.0234375 0.0546875
34 0.35390625 0.28515625 0.02890625 0.0546875
5 0.38359375 0.28828125 0.02734375 0.05703125
25 0.4078125 0.290625 0.02421875 0.05703125
25 0.43515625 0.290625 0.03046875 0.05859375
13 0.4671875 0.3 0.0265625 0.05703125
37 0.4953125 0.30390625 0.025 0.0578125
8 0.55546875 0.31328125 0.0265625 0.0640625
9 0.5796875 0.31328125 0.0234375 0.0765625
47 0.60625 0.3078125 0.03046875 0.065625
13 0.63671875 0.3125 0.02578125 0.05546875
1 0.09296875 0.3296875 0.0234375 0.05078125
42 0.11484375 0.32890625 0.02421875 0.05703125
13 0.1390625 0.33203125 0.021875 0.0515625
25 0.16328125 0.328125 0.02578125 0.059375
43 0.1890625 0.33203125 0.028125 0.06484375
3 0.21484375 0.33203125 0.02734375 0.0546875
62 0.24140625 0.340625 0.02421875 0.05859375
16 0.29296875 0.34609375 0.03515625 0.05703125
32 0.32265625 0.34609375 0.0203125 0.05
14 0.35 0.3484375 0.02265625 0.0578125
0 0.13828125 0.39140625 0.02265625 0.0546875
5 0.1578125 0.3921875 0.0265625 0.05859375
8 0.21015625 0.4015625 0.02890625 0.0625
30 0.23671875 0.39921875 0.021875 0.05390625
33 0.26328125 0.396875 0.028125 0.059375
30 0.3171875 0.40859375 0.0234375 0.04921875
25 0.340625 0.4078125 0.028125 0.0609375
24 0.3765625 0.4140625 0.0265625 0.05390625
61 0.42890625 0.4234375 0.03125 0.06640625
5 0.45703125 0.421875 0.03359375 0.059375
61 0.4859375 0.43203125 0.0328125 0.05625
4 0.5140625 0.4296875 0.02890625 0.059375
62 0.54375 0.4375 0.02890625 0.06015625
45 0.57109375 0.4296875 0.028125 0.059375
5 0.62734375 0.44140625 0.03125 0.05234375
25 0.65390625 0.43984375 0.0265625 0.053125
1 0.68515625 0.45 0.03203125 0.0625
52 0.7140625 0.453125 0.0265625 0.05859375
18 0.73984375 0.46015625 0.0296875 0.065625
8 0.771875 0.4578125 0.0296875 0.06171875
26 0.7984375 0.4625 0.0265625 0.06796875
34 0.08203125 0.4421875 0.02421875 0.04765625
30 0.10625 0.4453125 0.02109375 0.05703125
47 0.13046875 0.44609375 0.021875 0.05390625
34 0.1546875 0.44921875 0.03359375 0.05078125
13 0.1828125 0.453125 0.0203125 0.05546875
31 0.20625 0.4546875 0.02734375 0.05234375
4 0.125 0.50859375 0.02421875 0.05078125
7 0.1515625 0.5140625 0.0296875 0.05859375
13 0.17578125 0.51640625 0.02890625 0.059375
1 0.23046875 0.52421875 0.025 0.05859375
37 0.25703125 0.525 0.0265625 0.05
31 0.2828125 0.52421875 0.03125 0.06640625
13 0.31328125 0.5328125 0.02578125 0.05546875
16 0.365625 0.54453125 0.03125 0.06328125
54 0.39765625 0.54296875 0.0265625 0.053125
8 0.425 0.54375 0.01875 0.05859375
19 0.4515625 0.55 0.028125 0.0578125
28 0.48125 0.55078125 0.034375 0.0484375
9 0.50703125 0.5515625 0.02421875 0.0703125
40 0.53515625 0.55546875 0.0265625 0.0578125
37 0.590625 0.55703125 0.0328125 0.06171875
11 0.621875 0.5625 0.0234375 0.053125
25 0.6453125 0.5625 0.025 0.059375
37 0.6765625 0.57109375 0.01875 0.05390625
31 0.70390625 0.57265625 0.03046875 0.06015625