25 0.14609375 0.39765625 0.04609375 0.0796875
16 0.18203125 0.396875 0.03359375 0.078125
49 0.21953125 0.39609375 0.0390625 0.0796875
1 0.29140625 0.3953125 0.04453125 0.07890625
5 0.3359375 0.39453125 0.03984375 0.084375
18 0.37421875 0.3953125 0.040625 0.07578125
61 0.4125 0.39296875 0.0359375 0.075
13 0.4484375 0.396875 0.03515625 0.078125
25 0.53046875 0.3984375 0.03828125 0.078125
16 0.56875 0.3984375 0.03125 0.09140625
49 0.60703125 0.39609375 0.0375 0.08125
1 0.68671875 0.403125 0.04296875 0.0875
5 0.7265625 0.39921875 0.03984375 0.08984375
18 0.7671875 0.40390625 0.04765625 0.08671875
61 0.81484375 0.403125 0.0375 0.084375
13 0.85234375 0.39921875 0.0359375 0.0765625
25 0.08671875 0.478125 0.034375 0.06875
16 0.11640625 0.47421875 0.03203125 0.07109375
49 0.153125 0.47734375 0.03125 0.06796875
25 0.19453125 0.48046875 0.03359375 0.07421875
16 0.2265625 0.478125 0.02890625 0.06875
49 0.2625 0.47734375 0.03828125 0.078125
25 0.303125 0.4796875 0.03046875 0.0734375
16 0.33828125 0.48046875 0.02578125 0.07421875
49 0.37578125 0.47734375 0.03203125 0.075
61 0.1546875 0.55703125 0.0453125 0.06796875
40 0.19375 0.55546875 0.0390625 0.06796875
7 0.23359375 0.55703125 0.0328125 0.06796875
11 0.265625 0.55859375 0.034375 0.0671875
13 0.33671875 0.56171875 0.04375 0.07109375
27 0.378125 0.5625 0.04296875 0.0796875
34 0.4125 0.5625 0.03359375 0.06953125
54 0.4515625 0.565625 0.03515625 0.071875
34 0.48828125 0.5640625 0.03515625 0.06171875
24 0.52578125 0.56484375 0.0421875 0.0703125
61 0.16328125 0.63671875 0.03671875 0.071875
36 0.20234375 0.6359375 0.04765625 0.07421875
7 0.2375 0.63515625 0.0265625 0.059375
13 0.26953125 0.6359375 0.03125 0.0609375
27 0.30703125 0.63984375 0.03359375 0.0625
7 0.34296875 0.640625 0.03359375 0.0640625
11 0.3765625 0.63671875 0.0328125 0.05859375
25 0.4515625 0.64453125 0.03515625 0.06484375
24 0.4859375 0.640625 0.03515625 0.0640625
8 0.5234375 0.64375 0.0296875 0.06328125
24 0.55625 0.64453125 0.0390625 0.071875
34 0.596875 0.64609375 0.03203125 0.0609375
15 0.63359375 0.64609375 0.03515625 0.06875
42 0.17109375 0.703125 0.0296875 0.05625
41 0.20703125 0.703125 0.03125 0.05625
17 0.23984375 0.70546875 0.03203125 0.0609375
9 0.27421875 0.7078125 0.0328125 0.059375
60 0.31015625 0.70625 0.0296875 0.05703125
7 0.34375 0.7109375 0.03203125 0.05859375
11 0.378125 0.71171875 0.0265625 0.06015625
13 0.446875 0.7140625 0.0359375 0.0546875
35 0.484375 0.71796875 0.0390625 0.06328125
42 0.52265625 0.71796875 0.0265625 0.05703125
41 0.55703125 0.721875 0.034375 0.06328125
17 0.5921875 0.71796875 0.03203125 0.05546875
9 0.62734375 0.71953125 0.03984375 0.0625