25 0.1375 0.3171875 0.03359375 0.08125
16 0.1734375 0.31953125 0.03828125 0.08359375
49 0.2140625 0.315625 0.04140625 0.07578125
1 0.28828125 0.31875 0.0390625 0.071875
5 0.32890625 0.3171875 0.03984375 0.078125
18 0.36875 0.31875 0.04140625 0.06796875
61 0.40625 0.321875 0.02578125 0.06875
13 0.44140625 0.3203125 0.03359375 0.0640625
25 0.5125 0.3234375 0.03984375 0.07109375
16 0.5515625 0.31953125 0.03046875 0.06875
49 0.58359375 0.31875 0.02578125 0.06796875
1 0.64765625 0.321875 0.0375 0.07109375
5 0.67890625 0.321875 0.0359375 0.0671875
18 0.71328125 0.32265625 0.034375 0.0625
61 0.7453125 0.32265625 0.028125 0.0625
13 0.7734375 0.321875 0.0234375 0.0578125
25 0.071875 0.403125 0.02890625 0.06484375
16 0.10390625 0.40625 0.03046875 0.075
49 0.14140625 0.403125 0.0328125 0.07109375
25 0.17890625 0.40390625 0.03359375 0.06953125
16 0.215625 0.40390625 0.0328125 0.06953125
49 0.25546875 0.4046875 0.03203125 0.071875
25 0.29921875 0.4046875 0.0375 0.075
16 0.33125 0.40234375 0.0265625 0.0640625
49 0.36875 0.40625 0.0375 0.0703125
61 0.14375 0.49140625 0.0359375 0.06875
40 0.1859375 0.4859375 0.03046875 0.065625
7 0.221875 0.48828125 0.03203125 0.07734375
11 0.26015625 0.48671875 0.0328125 0.0703125
13 0.33203125 0.490625 0.0359375 0.075
27 0.36953125 0.4890625 0.03828125 0.06484375
34 0.4046875 0.48515625 0.03671875 0.0703125
54 0.4421875 0.48515625 0.040625 0.0703125
34 0.4765625 0.4828125 0.0390625 0.06484375
24 0.51015625 0.4828125 0.03125 0.06484375
61 0.1484375 0.56796875 0.040625 0.0671875
36 0.190625 0.5671875 0.03828125 0.07578125
7 0.23046875 0.565625 0.03046875 0.071875
13 0.2625 0.5640625 0.0359375 0.075
27 0.3015625 0.5609375 0.03203125 0.0625
7 0.33828125 0.5640625 0.03359375 0.06328125
11 0.371875 0.56328125 0.03125 0.0578125
25 0.44140625 0.55703125 0.02734375 0.0546875
24 0.475 0.55625 0.03671875 0.06640625
8 0.5109375 0.553125 0.0234375 0.0609375
24 0.53984375 0.55390625 0.03125 0.065625
34 0.5734375 0.55 0.0296875 0.0609375
15 0.60390625 0.546875 0.025 0.0609375
42 0.16015625 0.64296875 0.025 0.06171875
41 0.1953125 0.6421875 0.03203125 0.06953125
17 0.23046875 0.64140625 0.03515625 0.07109375
9 0.265625 0.63828125 0.034375 0.065625
60 0.3015625 0.6390625 0.0328125 0.0703125
7 0.33515625 0.6359375 0.03671875 0.0765625
11 0.375 0.63203125 0.03984375 0.065625
13 0.43671875 0.6265625 0.034375 0.065625
35 0.4765625 0.62421875 0.03203125 0.06015625
42 0.5046875 0.62421875 0.03359375 0.06328125
41 0.5375 0.6203125 0.03125 0.0625
17 0.5703125 0.6203125 0.03515625 0.065625
9 0.60078125 0.61484375 0.0203125 0.0609375