16 0.190625 0.29921875 0.034375 0.08203125
60 0.22890625 0.2921875 0.028125 0.06171875
0 0.2625 0.29375 0.03359375 0.05703125
16 0.3015625 0.296875 0.02890625 0.07109375
60 0.33984375 0.296875 0.03671875 0.06640625
0 0.378125 0.2921875 0.03359375 0.06484375
16 0.44609375 0.3015625 0.053125 0.07578125
61 0.4859375 0.29609375 0.040625 0.06796875
21 0.521875 0.296875 0.03359375 0.07734375
10 0.55859375 0.29765625 0.0296875 0.078125
36 0.5921875 0.29921875 0.03203125 0.071875
7 0.62578125 0.3 0.03359375 0.0703125
16 0.69140625 0.29765625 0.04296875 0.078125
9 0.72734375 0.2953125 0.028125 0.07734375
1 0.7625 0.29375 0.03203125 0.08359375
11 0.79609375 0.2921875 0.034375 0.08125
37 0.85546875 0.2984375 0.0296875 0.08359375
31 0.88828125 0.29296875 0.028125 0.0765625
48 0.91796875 0.29609375 0.0296875 0.07265625
2 0.12109375 0.38046875 0.03125 0.071875
36 0.1578125 0.3765625 0.0375 0.078125
7 0.19140625 0.38125 0.02890625 0.0640625
4 0.2296875 0.3796875 0.03984375 0.0671875
28 0.26796875 0.37734375 0.034375 0.06953125
60 0.30625 0.378125 0.03828125 0.06484375
49 0.34296875 0.3828125 0.03203125 0.06640625
7 0.3765625 0.3765625 0.03671875 0.06484375
16 0.19296875 0.46171875 0.0390625 0.06640625
30 0.2328125 0.4578125 0.03359375 0.078125
1 0.26796875 0.45703125 0.03515625 0.07109375
40 0.30625 0.45625 0.03359375 0.06484375
16 0.34375 0.45703125 0.0375 0.06640625
30 0.378125 0.45546875 0.03203125 0.0640625
1 0.41640625 0.45625 0.03359375 0.059375
40 0.45390625 0.45625 0.03515625 0.07578125
2 0.52109375 0.45546875 0.0328125 0.07421875
25 0.5578125 0.4515625 0.0375 0.0796875
36 0.59140625 0.44921875 0.0328125 0.0640625
10 0.6234375 0.45625 0.0296875 0.06796875
21 0.65859375 0.453125 0.03046875 0.05859375
11 0.69296875 0.4515625 0.03125 0.06875
7 0.72421875 0.45078125 0.0359375 0.06484375
28 0.75703125 0.4515625 0.03046875 0.06875
7 0.7875 0.44921875 0.034375 0.09453125
7 0.14296875 0.5359375 0.028125 0.06953125
25 0.12734375 0.534375 0.03359375 0.07265625
34 0.1640625 0.5359375 0.03359375 0.0625
30 0.2 0.5375 0.02421875 0.06953125
11 0.23515625 0.53671875 0.0375 0.07109375
61 0.26953125 0.53671875 0.034375 0.0765625
13 0.30859375 0.5390625 0.0265625 0.065625
33 0.34453125 0.5375 0.03828125 0.0765625
25 0.384375 0.5328125 0.0296875 0.06015625
34 0.41796875 0.53203125 0.03046875 0.0671875
30 0.453125 0.5328125 0.03125 0.05703125
11 0.48828125 0.5359375 0.02890625 0.06484375
61 0.51796875 0.5390625 0.034375 0.075
13 0.55390625 0.53203125 0.03125 0.05859375
33 0.5890625 0.5296875 0.03515625 0.06328125
25 0.6578125 0.528125 0.03671875 0.0640625
13 0.68984375 0.52734375 0.028125 0.0625
0 0.7234375 0.52734375 0.03515625 0.0625
25 0.7515625 0.5203125 0.0296875 0.0609375
16 0.78359375 0.5265625 0.0359375 0.0671875
49 0.81796875 0.5140625 0.02578125 0.07109375
45 0.84609375 0.51328125 0.02734375 0.0703125
25 0.20234375 0.61484375 0.04453125 0.07421875
54 0.2390625 0.61328125 0.02578125 0.071875
25 0.2734375 0.6140625 0.0359375 0.065625
13 0.31015625 0.6109375 0.0296875 0.0671875
27 0.346875 0.6078125 0.03359375 0.07421875
13 0.38359375 0.6109375 0.03203125 0.06328125
62 0.4171875 0.6109375 0.04453125 0.0671875
48 0.45390625 0.60234375 0.02734375 0.06640625
8 0.52109375 0.60625 0.028125 0.0609375
15 0.55546875 0.60234375 0.034375 0.06328125
13 0.5890625 0.60234375 0.025 0.06640625
11 0.6234375 0.60078125 0.028125 0.07578125
8 0.6875 0.6046875 0.02734375 0.0671875
33 0.72109375 0.6 0.02890625 0.05859375
62 0.753125 0.5984375 0.02734375 0.05859375
9 0.78515625 0.596875 0.0296875 0.071875
25 0.84375 0.58671875 0.03359375 0.071875
16 0.8765625 0.58671875 0.03125 0.071875
49 0.90390625 0.58203125 0.0234375 0.0625
40 0.93203125 0.58828125 0.028125 0.06484375
8 0.13671875 0.6953125 0.0328125 0.06796875
9 0.16953125 0.69453125 0.0265625 0.06796875
1 0.20546875 0.6953125 0.03046875 0.0609375
40 0.24296875 0.69140625 0.03046875 0.05859375
5 0.28125 0.6953125 0.0375 0.06640625
38 0.31171875 0.69296875 0.02890625 0.07578125
45 0.35 0.68671875 0.02734375 0.0640625
30 0.2109375 0.76875 0.02734375 0.06171875
62 0.24375 0.76796875 0.02265625 0.06640625
40 0.28046875 0.76640625 0.03984375 0.0671875
48 0.31640625 0.765625 0.03359375 0.07265625
33 0.396875 0.7578125 0.025 0.06015625
1 0.421875 0.7609375 0.0328125 0.06640625
30 0.45625 0.7578125 0.03359375 0.06015625
5 0.52265625 0.7546875 0.03125 0.06328125
25 0.55234375 0.7515625 0.03125 0.0640625
1 0.5890625 0.7515625 0.028125 0.0734375
58 0.621875 0.74609375 0.03125 0.059375
16 0.721875 0.73828125 0.0296875 0.06015625
33 0.696875 0.73515625 0.02421875 0.07421875
49 0.7484375 0.73359375 0.0203125 0.06796875
40 0.7828125 0.734375 0.02890625 0.06640625
8 0.14609375 0.83828125 0.02890625 0.071875
9 0.17578125 0.8390625 0.03125 0.07265625
1 0.21484375 0.83984375 0.0296875 0.065625
40 0.2484375 0.83671875 0.02734375 0.05
33 0.2953125 0.8375 0.0203125 0.05078125
37 0.31875 0.83671875 0.0296875 0.06640625
38 0.35078125 0.8328125 0.03359375 0.07421875
31 0.3859375 0.828125 0.03125 0.07109375