17 0.13203125 0.4484375 0.03046875 0.06953125
30 0.16796875 0.446875 0.0328125 0.0703125
25 0.2046875 0.44765625 0.03046875 0.07109375
40 0.23828125 0.4453125 0.0296875 0.06875
17 0.275 0.44375 0.0359375 0.06328125
30 0.31015625 0.4453125 0.0296875 0.06328125
25 0.3484375 0.44609375 0.0328125 0.0671875
40 0.3828125 0.44296875 0.03359375 0.07265625
25 0.45625 0.44296875 0.03515625 0.05703125
30 0.49375 0.4453125 0.02421875 0.06875
16 0.53125 0.4421875 0.03515625 0.0640625
30 0.5671875 0.44375 0.02734375 0.06640625
7 0.60703125 0.44453125 0.03203125 0.06796875
30 0.64140625 0.446875 0.02734375 0.0734375
25 0.1421875 0.5296875 0.034375 0.0609375
16 0.175 0.53046875 0.03203125 0.07109375
49 0.209375 0.52421875 0.0265625 0.06640625
4 0.27890625 0.52578125 0.0265625 0.065625
15 0.3109375 0.525 0.0265625 0.06328125
21 0.34921875 0.52734375 0.03125 0.05859375
25 0.42109375 0.5265625 0.02890625 0.06015625
30 0.45625 0.525 0.025 0.05703125
16 0.49140625 0.52734375 0.0296875 0.07578125
39 0.528125 0.52421875 0.0296875 0.06640625
25 0.5640625 0.528125 0.03203125 0.06953125
30 0.6015625 0.5234375 0.02734375 0.06796875
16 0.63671875 0.52578125 0.03203125 0.065625
39 0.67421875 0.52890625 0.02890625 0.07109375
45 0.71171875 0.52890625 0.0296875 0.07109375
25 0.14765625 0.59765625 0.03671875 0.06484375
37 0.18125 0.6015625 0.03515625 0.0625
25 0.215625 0.6 0.03046875 0.0609375
61 0.24765625 0.6 0.03125 0.0609375
40 0.28203125 0.6 0.0265625 0.06875
25 0.315625 0.603125 0.034375 0.06171875
37 0.353125 0.603125 0.03359375 0.06484375
25 0.3859375 0.6 0.0375 0.0640625
61 0.41953125 0.6015625 0.034375 0.0625
40 0.45625 0.60390625 0.03046875 0.06328125
16 0.52421875 0.60859375 0.02890625 0.06484375
60 0.565625 0.60546875 0.034375 0.06015625
0 0.60078125 0.603125 0.02578125 0.0578125
16 0.63046875 0.6078125 0.03359375 0.0640625
60 0.671875 0.60859375 0.034375 0.059375
0 0.71015625 0.6078125 0.03671875 0.0640625
41 0.15625 0.6734375 0.0296875 0.059375
10 0.18671875 0.6765625 0.028125 0.06953125
4 0.22109375 0.6765625 0.034375 0.06328125
49 0.253125 0.67265625 0.028125 0.065625
13 0.284375 0.6734375 0.03203125 0.06953125
7 0.31953125 0.67421875 0.0265625 0.07734375
40 0.3546875 0.675 0.03046875 0.06640625
1 0.4203125 0.67734375 0.03046875 0.0703125
11 0.4546875 0.678125 0.025 0.06015625
27 0.48828125 0.6734375 0.03828125 0.07265625
48 0.5265625 0.678125 0.02578125 0.05546875
61 0.596875 0.68359375 0.03203125 0.05703125
30 0.6265625 0.6828125 0.01796875 0.05625
25 0.66015625 0.68203125 0.03515625 0.065625
30 0.6984375 0.67890625 0.02265625 0.05859375
18 0.7328125 0.68671875 0.03203125 0.06953125
9 0.7703125 0.68203125 0.03203125 0.0609375
25 0.096875 0.734375 0.03515625 0.0671875
30 0.13046875 0.73671875 0.0265625 0.0703125
16 0.15703125 0.74296875 0.03515625 0.06953125
30 0.19453125 0.7421875 0.03203125 0.0546875
7 0.225 0.74296875 0.03203125 0.0703125
30 0.25703125 0.74140625 0.0328125 0.06953125
25 0.290625 0.73828125 0.0375 0.06171875
16 0.31953125 0.7421875 0.03046875 0.059375
49 0.35546875 0.73984375 0.028125 0.07265625
45 0.3875 0.73984375 0.03203125 0.0703125