31 0.1515625 0.21953125 0.02421875 0.06796875
32 0.17734375 0.22421875 0.025 0.0578125
15 0.20703125 0.22734375 0.021875 0.05390625
28 0.26796875 0.225 0.025 0.05625
9 0.2984375 0.22421875 0.02890625 0.05078125
30 0.36171875 0.2265625 0.0234375 0.05859375
25 0.39375 0.22421875 0.0296875 0.05546875
13 0.42734375 0.2265625 0.028125 0.06328125
34 0.46015625 0.2234375 0.03046875 0.059375
13 0.4921875 0.22578125 0.0265625 0.06328125
31 0.52421875 0.22734375 0.0359375 0.06015625
13 0.59140625 0.22734375 0.0265625 0.05703125
34 0.62421875 0.22890625 0.02890625 0.059375
21 0.65703125 0.2265625 0.0359375 0.05859375
62 0.72109375 0.23203125 0.03828125 0.0796875
27 0.75703125 0.22578125 0.02734375 0.06328125
48 0.7890625 0.22578125 0.03203125 0.06796875
8 0.10703125 0.3015625 0.02109375 0.05390625
13 0.12890625 0.3 0.0171875 0.05078125
11 0.1515625 0.29921875 0.02734375 0.05546875
37 0.18125 0.2984375 0.02265625 0.053125
7 0.21015625 0.2984375 0.02421875 0.0546875
4 0.23671875 0.29453125 0.028125 0.05546875
1 0.26796875 0.3 0.02734375 0.06328125
30 0.3 0.29921875 0.0296875 0.05546875
5 0.3609375 0.3015625 0.03359375 0.05703125
22 0.39765625 0.30078125 0.028125 0.05859375
33 0.4296875 0.29921875 0.02734375 0.06328125
62 0.4609375 0.30234375 0.03046875 0.0578125
48 0.490625 0.3 0.02890625 0.06328125
1 0.521875 0.30234375 0.03046875 0.0625
21 0.55625 0.30234375 0.02734375 0.0625
45 0.58828125 0.3 0.028125 0.05390625
47 0.61796875 0.3 0.02890625 0.0703125
5 0.15546875 0.3671875 0.0296875 0.06015625
1 0.18125 0.36953125 0.02734375 0.0609375
4 0.2078125 0.36953125 0.0265625 0.0578125
6 0.23828125 0.36796875 0.02734375 0.0640625
34 0.26796875 0.3703125 0.03046875 0.06484375
13 0.3 0.36640625 0.0296875 0.05703125
11 0.33515625 0.36875 0.03046875 0.07109375
25 0.39453125 0.37109375 0.034375 0.06171875
1 0.428125 0.3734375 0.0328125 0.05859375
15 0.46015625 0.37265625 0.02265625 0.05703125
25 0.490625 0.3734375 0.0359375 0.0578125
37 0.52265625 0.37265625 0.0296875 0.05703125
34 0.55390625 0.37421875 0.02890625 0.05703125
13 0.58515625 0.37578125 0.03359375 0.053125
1 0.61875 0.3765625 0.0375 0.06484375
30 0.653125 0.378125 0.03125 0.07109375
61 0.71640625 0.37734375 0.03828125 0.06328125
13 0.7515625 0.3765625 0.0296875 0.06484375
42 0.78125 0.375 0.0328125 0.06796875
28 0.81875 0.37578125 0.0265625 0.0625
62 0.846875 0.38359375 0.03359375 0.06796875
48 0.87890625 0.37734375 0.02421875 0.059375
30 0.10859375 0.43359375 0.0234375 0.06015625
34 0.1296875 0.43671875 0.02421875 0.053125
13 0.15703125 0.43828125 0.02421875 0.05625
28 0.21328125 0.4390625 0.0234375 0.06015625
9 0.23828125 0.43984375 0.025 0.06875
47 0.27265625 0.440625 0.03125 0.06015625
28 0.3046875 0.4390625 0.02890625 0.05703125
3 0.33671875 0.44375 0.03125 0.06640625
5 0.36640625 0.43828125 0.03203125 0.05625
38 0.39609375 0.4421875 0.03125 0.06640625
45 0.428125 0.4390625 0.02734375 0.05703125
31 0.15703125 0.50234375 0.025 0.0625
1 0.18359375 0.50859375 0.025 0.0609375
4 0.21171875 0.50546875 0.02890625 0.06171875
49 0.24140625 0.50234375 0.02890625 0.0609375
1 0.271875 0.50859375 0.0265625 0.0671875
4 0.30390625 0.50625 0.02734375 0.06015625
49 0.33515625 0.509375 0.0296875 0.06484375
28 0.3984375 0.5109375 0.02734375 0.05625
34 0.42734375 0.5125 0.0296875 0.05859375
5 0.4578125 0.5125 0.0375 0.06875
25 0.4890625 0.51015625 0.0390625 0.06171875
25 0.521875 0.50859375 0.0328125 0.065625
13 0.553125 0.5109375 0.025 0.05625
21 0.5828125 0.5140625 0.02734375 0.0609375
61 0.61640625 0.5203125 0.02734375 0.0640625
21 0.64921875 0.51328125 0.025 0.06015625
8 0.7109375 0.51953125 0.03203125 0.0734375
4 0.74296875 0.51953125 0.03671875 0.065625
25 0.7765625 0.5203125 0.034375 0.06796875
48 0.8109375 0.5203125 0.0265625 0.0609375
13 0.871875 0.51875 0.02421875 0.05390625
11 0.9046875 0.51640625 0.0375 0.06015625
13 0.9390625 0.5203125 0.0296875 0.0640625
25 0.10703125 0.56328125 0.03203125 0.0515625
15 0.1328125 0.5671875 0.025 0.0625
49 0.15859375 0.56796875 0.025 0.05078125
61 0.1859375 0.56953125 0.03046875 0.053125
24 0.2125 0.571875 0.02890625 0.05859375
61 0.27421875 0.5765625 0.0328125 0.06484375
23 0.3015625 0.575 0.02890625 0.0546875
25 0.3359375 0.57578125 0.03125 0.05546875
37 0.3640625 0.5765625 0.0328125 0.0578125
31 0.39609375 0.57265625 0.02734375 0.06015625
47 0.4296875 0.57890625 0.0265625 0.05859375