8 0.1421875 0.3421875 0.03203125 0.0625
30 0.1734375 0.34375 0.03359375 0.06484375
1 0.2046875 0.34140625 0.0328125 0.0640625
4 0.2359375 0.33828125 0.02734375 0.0578125
34 0.29375 0.34296875 0.03828125 0.0640625
61 0.32890625 0.34375 0.0296875 0.059375
13 0.35703125 0.340625 0.03125 0.05859375
25 0.4203125 0.3453125 0.03125 0.06015625
16 0.45078125 0.34375 0.02890625 0.0578125
49 0.48046875 0.33984375 0.02578125 0.0640625
40 0.51640625 0.3453125 0.03515625 0.05859375
28 0.58125 0.346875 0.028125 0.05859375
34 0.6125 0.3484375 0.0328125 0.0609375
5 0.64453125 0.34921875 0.0359375 0.0625
25 0.6796875 0.34765625 0.0328125 0.05625
25 0.71484375 0.35078125 0.02734375 0.06328125
13 0.746875 0.34453125 0.0328125 0.06953125
1 0.78125 0.34765625 0.0296875 0.05390625
30 0.81484375 0.35234375 0.02734375 0.06171875
34 0.0859375 0.40703125 0.0296875 0.05234375
30 0.11640625 0.4078125 0.0296875 0.0578125
47 0.14609375 0.40703125 0.02109375 0.0625
28 0.175 0.41015625 0.0296875 0.0515625
18 0.20625 0.4078125 0.0265625 0.0578125
9 0.2359375 0.41015625 0.03046875 0.059375
1 0.26640625 0.4109375 0.02890625 0.06015625
61 0.29609375 0.4140625 0.028125 0.06015625
30 0.32890625 0.415625 0.02578125 0.059375
25 0.39140625 0.415625 0.03359375 0.05546875
30 0.4203125 0.41328125 0.0265625 0.05859375
7 0.4515625 0.4171875 0.03125 0.05625
13 0.48046875 0.41875 0.03046875 0.05546875
42 0.51484375 0.4203125 0.028125 0.0625
43 0.54453125 0.41796875 0.0296875 0.0578125
3 0.57734375 0.41875 0.03125 0.05703125
5 0.609375 0.41953125 0.02890625 0.06484375
38 0.64140625 0.42265625 0.03203125 0.0640625
45 0.6734375 0.4171875 0.0296875 0.06015625
42 0.15078125 0.475 0.0234375 0.0625
24 0.178125 0.4765625 0.02890625 0.06640625
61 0.20859375 0.475 0.02734375 0.05390625
4 0.2390625 0.47421875 0.02421875 0.04765625
1 0.26640625 0.47734375 0.02890625 0.06171875
40 0.30078125 0.4796875 0.03203125 0.05859375
53 0.33046875 0.48046875 0.02890625 0.0640625
8 0.3921875 0.48046875 0.028125 0.0609375
39 0.4203125 0.48203125 0.025 0.05390625
25 0.45078125 0.48125 0.02890625 0.05625
30 0.48125 0.48359375 0.0265625 0.0546875
7 0.5125 0.48828125 0.0265625 0.05390625
13 0.5421875 0.48671875 0.0265625 0.05078125
62 0.57734375 0.4890625 0.02578125 0.0515625
48 0.609375 0.49140625 0.025 0.05859375
34 0.6734375 0.49140625 0.034375 0.06015625
5 0.70625 0.4921875 0.03671875 0.05859375
27 0.74140625 0.49296875 0.02890625 0.065625
34 0.775 0.49921875 0.0328125 0.05859375
5 0.80859375 0.4984375 0.03046875 0.05703125
27 0.84140625 0.4984375 0.03046875 0.06015625
1 0.909375 0.5015625 0.03515625 0.0640625
5 0.94140625 0.5 0.03671875 0.0671875
2 0.09375 0.54453125 0.02890625 0.06015625
5 0.121875 0.54609375 0.02890625 0.0625
34 0.1515625 0.54296875 0.0296875 0.0609375
43 0.18125 0.54140625 0.02734375 0.05390625
3 0.21171875 0.54140625 0.028125 0.05078125
5 0.23984375 0.54765625 0.03203125 0.05234375
38 0.271875 0.5421875 0.0265625 0.05234375
45 0.303125 0.54453125 0.025 0.05703125