25 0.1359375 0.36875 0.034375 0.06953125
16 0.16953125 0.3734375 0.03359375 0.0640625
49 0.2046875 0.3703125 0.0265625 0.06484375
25 0.2375 0.3703125 0.0359375 0.06328125
16 0.271875 0.371875 0.03203125 0.06796875
49 0.30546875 0.3640625 0.03515625 0.07265625
8 0.3421875 0.371875 0.034375 0.06796875
28 0.3765625 0.36875 0.03359375 0.07265625
40 0.41328125 0.37265625 0.0296875 0.0671875
42 0.47890625 0.36875 0.03671875 0.0640625
24 0.515625 0.371875 0.0328125 0.06875
61 0.5484375 0.37109375 0.03671875 0.0796875
4 0.58515625 0.36953125 0.025 0.0640625
1 0.61484375 0.371875 0.0359375 0.08203125
40 0.65703125 0.365625 0.03828125 0.06875
48 0.68828125 0.36484375 0.025 0.0546875
18 0.7609375 0.36484375 0.034375 0.06484375
13 0.79375 0.3625 0.025 0.05625
27 0.82421875 0.36328125 0.0234375 0.06484375
40 0.859375 0.3625 0.02734375 0.06640625
18 0.07578125 0.44765625 0.02265625 0.05546875
22 0.1078125 0.4484375 0.0265625 0.05625
42 0.14296875 0.45078125 0.03125 0.06171875
43 0.17421875 0.4515625 0.03203125 0.05859375
8 0.146875 0.525 0.02265625 0.05703125
49 0.18046875 0.525 0.03125 0.06484375
37 0.21328125 0.52578125 0.03125 0.05859375
34 0.24609375 0.521875 0.02890625 0.0609375
24 0.27890625 0.5234375 0.025 0.06328125
61 0.346875 0.525 0.03359375 0.05390625
30 0.3828125 0.52421875 0.0265625 0.053125
33 0.41328125 0.52109375 0.0296875 0.059375
40 0.44921875 0.521875 0.0296875 0.05390625
61 0.515625 0.5203125 0.0328125 0.0671875
30 0.55234375 0.5171875 0.03515625 0.05859375
42 0.5828125 0.5171875 0.03125 0.06484375
13 0.61640625 0.51875 0.0296875 0.06171875
13 0.65546875 0.51875 0.028125 0.06171875
61 0.65234375 0.5203125 0.02890625 0.07109375
13 0.68828125 0.51640625 0.02578125 0.059375
25 0.0890625 0.59453125 0.0359375 0.0609375
13 0.12109375 0.59609375 0.02890625 0.06328125
34 0.1515625 0.5953125 0.0296875 0.06484375
0 0.18125 0.5984375 0.0296875 0.05859375
18 0.2171875 0.596875 0.03203125 0.06640625
15 0.246875 0.59375 0.0328125 0.059375
3 0.2828125 0.596875 0.02578125 0.05625
5 0.3140625 0.59765625 0.0328125 0.06015625
38 0.3515625 0.59453125 0.02890625 0.05390625
45 0.384375 0.59140625 0.02734375 0.05703125
34 0.1578125 0.66640625 0.03984375 0.05859375
13 0.190625 0.6671875 0.02578125 0.05390625
16 0.21953125 0.67109375 0.03515625 0.06171875
4 0.25390625 0.66640625 0.028125 0.05234375
49 0.28984375 0.66328125 0.03046875 0.05625
10 0.35234375 0.665625 0.03046875 0.06015625
30 0.3875 0.66328125 0.03046875 0.05625
1 0.41875 0.6640625 0.02890625 0.05703125
0 0.4515625 0.66484375 0.02890625 0.05859375
10 0.48671875 0.6640625 0.028125 0.0671875
30 0.51875 0.6609375 0.02265625 0.0609375
1 0.55078125 0.665625 0.028125 0.0640625
0 0.584375 0.66796875 0.0296875 0.065625
7 0.6140625 0.66640625 0.03203125 0.07578125
41 0.68125 0.66015625 0.0234375 0.05390625
10 0.71640625 0.66875 0.03046875 0.06640625
7 0.75 0.66171875 0.03515625 0.06328125
13 0.784375 0.6578125 0.02578125 0.05859375
25 0.1015625 0.728125 0.03046875 0.05234375
1 0.13125 0.73203125 0.02734375 0.071875
4 0.16171875 0.73359375 0.03046875 0.05390625
0 0.19453125 0.7375 0.03125 0.06171875
25 0.22890625 0.7296875 0.0296875 0.05859375
1 0.25625 0.734375 0.02890625 0.059375
0 0.2890625 0.73671875 0.034375 0.06015625
25 0.31953125 0.72734375 0.03046875 0.0640625
1 0.35625 0.73203125 0.03203125 0.05390625
4 0.3875 0.7296875 0.0296875 0.05703125
0 0.421875 0.73359375 0.028125 0.0609375
25 0.453125 0.72890625 0.03203125 0.06171875
1 0.4859375 0.73359375 0.028125 0.0671875
0 0.51796875 0.73671875 0.03828125 0.06796875
7 0.55 0.734375 0.034375 0.07890625
36 0.171875 0.79921875 0.02421875 0.059375
25 0.2 0.79921875 0.03203125 0.05625
20 0.2296875 0.80234375 0.025 0.059375
36 0.2640625 0.796875 0.028125 0.05546875
25 0.29453125 0.7953125 0.03203125 0.06328125
20 0.32421875 0.7984375 0.03203125 0.05234375
42 0.3875 0.80234375 0.03359375 0.053125
13 0.4203125 0.79921875 0.025 0.059375
4 0.4546875 0.79921875 0.0328125 0.0640625
61 0.4859375 0.80234375 0.02578125 0.06640625
30 0.51953125 0.80078125 0.0296875 0.053125
7 0.55234375 0.8015625 0.03203125 0.0546875
54 0.61484375 0.803125 0.0234375 0.06484375
42 0.646875 0.79609375 0.03125 0.06171875
28 0.6828125 0.796875 0.025 0.0484375
54 0.7140625 0.80078125 0.03125 0.053125
42 0.74375 0.79921875 0.03125 0.0546875
28 0.778125 0.7984375 0.0234375 0.05234375