31 0.134375 0.5125 0.02734375 0.075
1 0.16640625 0.5125 0.0296875 0.06171875
49 0.19921875 0.5109375 0.03046875 0.06875
26 0.2328125 0.51171875 0.03046875 0.05703125
18 0.2640625 0.5171875 0.02734375 0.06796875
13 0.29453125 0.5125 0.03125 0.06875
1 0.3609375 0.51640625 0.03359375 0.06640625
9 0.39375 0.51640625 0.034375 0.06640625
17 0.42421875 0.51640625 0.02734375 0.06640625
31 0.45703125 0.515625 0.02578125 0.0578125
25 0.48828125 0.5140625 0.02890625 0.0609375
16 0.51953125 0.51328125 0.03125 0.0671875
49 0.55 0.509375 0.0234375 0.059375
13 0.58125 0.5140625 0.0265625 0.05859375
34 0.61484375 0.51171875 0.03046875 0.06328125
13 0.6484375 0.5140625 0.02421875 0.0609375
14 0.6765625 0.51640625 0.02890625 0.059375
47 0.70859375 0.51015625 0.02890625 0.06796875
31 0.1328125 0.58828125 0.0328125 0.0546875
1 0.1671875 0.58984375 0.03359375 0.0609375
4 0.1984375 0.58828125 0.03359375 0.0625
49 0.23125 0.584375 0.028125 0.06640625
1 0.26484375 0.58828125 0.03203125 0.0625
4 0.29609375 0.58984375 0.03125 0.06796875
49 0.32890625 0.5859375 0.03203125 0.06015625
28 0.3953125 0.5875 0.028125 0.05625
34 0.42265625 0.5828125 0.0328125 0.0578125
5 0.4578125 0.58671875 0.0328125 0.0609375
25 0.48515625 0.58046875 0.028125 0.05625
25 0.51875 0.5828125 0.0296875 0.0515625
13 0.55234375 0.5828125 0.021875 0.053125
37 0.58359375 0.58671875 0.03125 0.07421875
34 0.6453125 0.5859375 0.0359375 0.06015625
30 0.67578125 0.58515625 0.0265625 0.05546875
47 0.71015625 0.584375 0.0265625 0.053125
28 0.7421875 0.584375 0.02734375 0.05703125
18 0.771875 0.5875 0.02890625 0.059375
62 0.8015625 0.5828125 0.028125 0.0546875
48 0.834375 0.58359375 0.03671875 0.06171875
16 0.103125 0.6578125 0.0265625 0.0546875
25 0.07265625 0.65390625 0.02890625 0.06875
49 0.1375 0.65390625 0.0265625 0.0609375
40 0.16875 0.65625 0.028125 0.0546875
61 0.23203125 0.6609375 0.03046875 0.0640625
4 0.2640625 0.66171875 0.0375 0.0625
6 0.2953125 0.6546875 0.034375 0.0578125
20 0.32890625 0.6578125 0.03203125 0.06171875
34 0.36171875 0.6546875 0.028125 0.059375
13 0.3921875 0.6546875 0.0359375 0.0625
45 0.425 0.64765625 0.028125 0.0640625
47 0.459375 0.653125 0.0296875 0.059375