31 0.121875 0.43828125 0.0296875 0.06875
25 0.1546875 0.4390625 0.0328125 0.06484375
30 0.18984375 0.43984375 0.0265625 0.06171875
16 0.22578125 0.4375 0.025 0.0546875
30 0.2609375 0.4421875 0.03046875 0.0640625
7 0.29765625 0.4453125 0.03515625 0.06640625
30 0.33125 0.44453125 0.0296875 0.05859375
25 0.3640625 0.44375 0.0328125 0.065625
16 0.4015625 0.44375 0.03046875 0.06640625
49 0.43515625 0.44375 0.028125 0.06640625
13 0.46796875 0.4484375 0.02734375 0.0625
42 0.53984375 0.45078125 0.02890625 0.06015625
57 0.57578125 0.446875 0.03046875 0.065625
61 0.6109375 0.4515625 0.0328125 0.06328125
30 0.64453125 0.44921875 0.028125 0.06796875
34 0.68125 0.4515625 0.034375 0.06640625
13 0.71484375 0.453125 0.028125 0.0625
14 0.74765625 0.45 0.03125 0.06640625
47 0.78515625 0.44921875 0.03203125 0.07421875
31 0.125 0.5140625 0.0265625 0.0625
28 0.15859375 0.515625 0.03125 0.07109375
62 0.19375 0.51875 0.028125 0.06484375
20 0.22890625 0.5171875 0.02578125 0.06484375
14 0.2609375 0.5140625 0.0296875 0.0609375
1 0.33125 0.5203125 0.0265625 0.05390625
30 0.36640625 0.521875 0.02734375 0.0640625
62 0.4 0.52265625 0.03125 0.06640625
5 0.4359375 0.52109375 0.03359375 0.0625
33 0.4703125 0.5234375 0.0296875 0.06015625
13 0.5046875 0.51953125 0.02734375 0.065625
42 0.57265625 0.52578125 0.03125 0.06171875
57 0.609375 0.525 0.03046875 0.05703125
61 0.6453125 0.52734375 0.025 0.065625
30 0.6765625 0.528125 0.0265625 0.05625
20 0.71484375 0.52734375 0.03515625 0.0609375
14 0.746875 0.52578125 0.0296875 0.06171875
47 0.77890625 0.52890625 0.03515625 0.07109375