18 0.1953125 0.4625 0.021875 0.0609375
4 0.2203125 0.459375 0.02421875 0.05859375
7 0.2484375 0.45703125 0.02265625 0.0578125
36 0.27734375 0.453125 0.0265625 0.05546875
7 0.30546875 0.45234375 0.0265625 0.05703125
36 0.3328125 0.446875 0.025 0.05703125
0 0.36015625 0.44609375 0.01953125 0.05390625
7 0.3875 0.44609375 0.0296875 0.05546875
32 0.446875 0.4359375 0.025 0.0578125
34 0.47421875 0.43671875 0.02421875 0.0515625
49 0.5015625 0.43515625 0.025 0.05234375
42 0.53125 0.43125 0.025 0.0578125
28 0.55859375 0.42890625 0.028125 0.05078125
49 0.5859375 0.4296875 0.02421875 0.059375
42 0.615625 0.42265625 0.0265625 0.05390625
28 0.6421875 0.4203125 0.021875 0.04921875
49 0.671875 0.4109375 0.02421875 0.0578125
7 0.7 0.4109375 0.03203125 0.08125
17 0.75859375 0.40703125 0.03125 0.05546875
41 0.78671875 0.403125 0.02890625 0.0578125
25 0.81328125 0.403125 0.02578125 0.05390625
25 0.8421875 0.3984375 0.028125 0.05
52 0.86953125 0.396875 0.02734375 0.0515625
7 0.89609375 0.39375 0.02578125 0.07265625
4 0.1515625 0.52734375 0.021875 0.0609375
34 0.1765625 0.52421875 0.02890625 0.05625
13 0.20078125 0.52421875 0.021875 0.05625
25 0.228125 0.5171875 0.02734375 0.05703125
61 0.253125 0.5203125 0.025 0.05859375
48 0.28125 0.51953125 0.02421875 0.05546875
7 0.30859375 0.51484375 0.02734375 0.0609375
2 0.36328125 0.50625 0.03046875 0.06015625
32 0.3921875 0.5046875 0.028125 0.06875
49 0.421875 0.49921875 0.0265625 0.06171875
10 0.203125 0.58203125 0.0234375 0.059375
15 0.23125 0.57890625 0.02734375 0.06015625
17 0.25859375 0.58125 0.03125 0.04765625
4 0.28671875 0.578125 0.025 0.06171875
49 0.31640625 0.57421875 0.02421875 0.05625
21 0.36953125 0.57109375 0.02734375 0.06015625
27 0.4 0.56953125 0.02421875 0.053125
8 0.42734375 0.56875 0.028125 0.0625
62 0.4546875 0.565625 0.025 0.06015625
48 0.48046875 0.55703125 0.0328125 0.05625
41 0.53671875 0.55625 0.028125 0.053125
10 0.5640625 0.55625 0.02734375 0.0578125
7 0.590625 0.5515625 0.025 0.06015625
13 0.6203125 0.55078125 0.03203125 0.05625
7 0.64921875 0.5515625 0.028125 0.0734375
40 0.67421875 0.54140625 0.0359375 0.0671875
16 0.7296875 0.54140625 0.0375 0.0640625
4 0.76015625 0.5359375 0.025 0.0625
25 0.7890625 0.5296875 0.02734375 0.05234375
4 0.81796875 0.53046875 0.0234375 0.06484375
61 0.840625 0.53046875 0.0296875 0.071875
30 0.871875 0.52578125 0.03359375 0.06171875
7 0.8984375 0.52265625 0.03203125 0.0796875
8 0.20859375 0.6421875 0.03046875 0.06328125
41 0.23828125 0.640625 0.02734375 0.05390625
61 0.26328125 0.6390625 0.02734375 0.05078125
58 0.29296875 0.63828125 0.02734375 0.05859375
40 0.31953125 0.634375 0.02890625 0.0578125
62 0.37265625 0.63515625 0.02734375 0.0625
11 0.4015625 0.62890625 0.0265625 0.059375
7 0.428125 0.62890625 0.0328125 0.0609375
43 0.45703125 0.6234375 0.03046875 0.0484375
16 0.5109375 0.61796875 0.0328125 0.05859375
5 0.5375 0.61640625 0.0296875 0.07109375
7 0.5671875 0.61328125 0.02734375 0.07578125
13 0.59140625 0.61328125 0.02890625 0.0609375
61 0.62109375 0.609375 0.03046875 0.0578125
30 0.6484375 0.6046875 0.0296875 0.0484375
7 0.678125 0.60546875 0.028125 0.06015625
62 0.21484375 0.70625 0.02578125 0.0625
8 0.2421875 0.70859375 0.02265625 0.06328125
4 0.26875 0.6984375 0.02265625 0.0640625
7 0.2953125 0.69765625 0.0296875 0.05859375
40 0.32265625 0.6921875 0.02734375 0.0671875
25 0.3765625 0.68828125 0.02890625 0.05234375
25 0.40234375 0.6828125 0.03359375 0.05703125
36 0.43203125 0.684375 0.02578125 0.05546875
7 0.459375 0.68203125 0.02421875 0.053125
5 0.4890625 0.6796875 0.0265625 0.065625
25 0.51484375 0.67734375 0.03046875 0.0546875
1 0.54296875 0.6796875 0.02890625 0.0625
36 0.5703125 0.6703125 0.03359375 0.0546875
7 0.59453125 0.671875 0.02578125 0.06015625
43 0.625 0.6703125 0.0265625 0.053125
3 0.65234375 0.66640625 0.0296875 0.05546875
5 0.678125 0.66171875 0.02890625 0.06640625
38 0.7078125 0.6609375 0.028125 0.065625
45 0.734375 0.6546875 0.028125 0.0578125