13 0.40078125 0.359375 0.03046875 0.06640625
13 0.63984375 0.35625 0.02890625 0.06328125
13 0.46796875 0.596875 0.028125 0.06328125
1 0.07109375 0.36328125 0.0265625 0.0578125
11 0.10234375 0.3640625 0.0265625 0.05078125
40 0.1359375 0.365625 0.034375 0.05703125
16 0.20078125 0.3640625 0.03203125 0.06484375
30 0.23515625 0.3625 0.03125 0.06484375
8 0.26875 0.36171875 0.03046875 0.0640625
43 0.2984375 0.359375 0.02890625 0.06796875
34 0.365625 0.3578125 0.0328125 0.06171875
44 0.43515625 0.36015625 0.0328125 0.0625
5 0.46953125 0.35859375 0.028125 0.06015625
16 0.5390625 0.35625 0.03203125 0.05703125
30 0.571875 0.35625 0.03125 0.06484375
61 0.60703125 0.3578125 0.0296875 0.059375
1 0.671875 0.35546875 0.03125 0.06015625
30 0.70859375 0.3546875 0.02890625 0.06171875
18 0.7765625 0.35546875 0.02734375 0.0640625
15 0.8109375 0.35390625 0.03515625 0.06484375
3 0.85 0.353125 0.03203125 0.0625
5 0.88203125 0.353125 0.03046875 0.0640625
38 0.91484375 0.353125 0.0359375 0.06484375
38 0.8421875 0.596875 0.03203125 0.06484375
45 0.9484375 0.3546875 0.028125 0.0703125
45 0.8765625 0.5984375 0.02890625 0.06484375
61 0.075 0.59609375 0.0296875 0.0546875
36 0.109375 0.59609375 0.03046875 0.05859375
7 0.14140625 0.5984375 0.02421875 0.05703125
15 0.16875 0.59921875 0.0296875 0.05703125
1 0.2046875 0.60078125 0.034375 0.05859375
30 0.23984375 0.6 0.028125 0.05546875
34 0.29765625 0.5984375 0.03359375 0.059375
61 0.33671875 0.6 0.0328125 0.0625
30 0.37109375 0.5984375 0.02890625 0.059375
25 0.434375 0.59609375 0.03203125 0.0640625
45 0.50390625 0.59765625 0.03203125 0.06328125
34 0.5390625 0.59765625 0.034375 0.0625
13 0.57109375 0.5984375 0.02890625 0.06640625
28 0.63828125 0.5984375 0.03203125 0.06796875
9 0.67265625 0.59921875 0.03359375 0.06796875
47 0.7078125 0.5984375 0.0328125 0.06171875
28 0.74296875 0.5984375 0.03203125 0.0671875
3 0.775 0.59765625 0.0328125 0.06328125
5 0.80703125 0.59765625 0.0296875 0.0671875