13 0.90234375 0.51796875 0.03984375 0.09453125
21 0.371875 0.50703125 0.0453125 0.0953125
61 0.86015625 0.51875 0.04140625 0.08828125
61 0.76171875 0.5171875 0.03828125 0.0859375
34 0.02890625 0.490625 0.0484375 0.09453125
24 0.078125 0.49453125 0.046875 0.09296875
18 0.12265625 0.49609375 0.04453125 0.0890625
40 0.171875 0.496875 0.0484375 0.08984375
0 0.21953125 0.49609375 0.04140625 0.08125
10 0.278125 0.5 0.04296875 0.090625
49 0.3234375 0.50546875 0.04296875 0.0953125
25 0.41640625 0.50625 0.04375 0.08984375
5 0.46328125 0.51015625 0.04453125 0.08984375
1 0.57109375 0.5125 0.04296875 0.08984375
4 0.615625 0.5125 0.03984375 0.09140625
15 0.66328125 0.51484375 0.03828125 0.08984375
49 0.71015625 0.5140625 0.0484375 0.08671875
41 0.81328125 0.51953125 0.046875 0.0890625