13 0.26796875 0.390625 0.028125 0.05703125
13 0.77421875 0.38515625 0.025 0.0578125
21 0.81015625 0.38671875 0.03203125 0.0640625
30 0.61171875 0.728125 0.0359375 0.0640625
30 0.55 0.72734375 0.03359375 0.059375
30 0.11796875 0.71953125 0.0296875 0.059375
30 0.08984375 0.39375 0.028125 0.05703125
30 0.146875 0.39375 0.0296875 0.06015625
10 0.58125 0.728125 0.03359375 0.059375
10 0.11796875 0.3953125 0.02578125 0.0625
62 0.178125 0.390625 0.028125 0.059375
48 0.2078125 0.39140625 0.02578125 0.0640625
34 0.2984375 0.39140625 0.02734375 0.059375
34 0.08671875 0.72109375 0.0328125 0.05703125
21 0.328125 0.39375 0.03046875 0.059375
34 0.3921875 0.38828125 0.0296875 0.05859375
40 0.4203125 0.38828125 0.02734375 0.05703125
61 0.453125 0.38828125 0.0265625 0.05390625
5 0.48359375 0.38828125 0.028125 0.05546875
22 0.515625 0.38671875 0.028125 0.059375
61 0.5484375 0.3859375 0.02890625 0.0578125
21 0.58046875 0.38828125 0.02890625 0.06171875
34 0.6421875 0.384375 0.03125 0.06171875
34 0.71015625 0.38359375 0.02890625 0.053125
27 0.67578125 0.38515625 0.03515625 0.06171875
7 0.74296875 0.384375 0.0328125 0.05546875
1 0.875 0.38828125 0.028125 0.06171875
40 0.91171875 0.38671875 0.03515625 0.06484375
61 0.0328125 0.503125 0.02734375 0.05546875
5 0.05859375 0.5046875 0.0296875 0.05859375
29 0.0875 0.50390625 0.0296875 0.05390625
3 0.1171875 0.503125 0.02734375 0.059375
45 0.17578125 0.50078125 0.02890625 0.06015625
38 0.146875 0.5015625 0.0296875 0.0625
45 0.90625 0.26640625 0.03125 0.0640625
38 0.87734375 0.26875 0.0265625 0.0640625
5 0.84375 0.26953125 0.03125 0.059375
3 0.80703125 0.26875 0.02890625 0.0578125
37 0.778125 0.26875 0.02890625 0.0578125
5 0.0953125 0.2875 0.0265625 0.0578125
62 0.12109375 0.28671875 0.02421875 0.05390625
36 0.15 0.2875 0.03203125 0.05546875
25 0.18125 0.2859375 0.0265625 0.05234375
15 0.2109375 0.284375 0.02578125 0.05859375
30 0.26953125 0.2796875 0.03125 0.059375
30 0.32890625 0.2796875 0.02578125 0.0546875
30 0.7109375 0.26953125 0.03046875 0.05859375
10 0.3 0.28046875 0.03046875 0.06328125
62 0.36015625 0.28125 0.03046875 0.059375
48 0.390625 0.28046875 0.0265625 0.059375
25 0.453125 0.27890625 0.02890625 0.0546875
61 0.48515625 0.27578125 0.03046875 0.0546875
4 0.51640625 0.275 0.0265625 0.06015625
27 0.5484375 0.2734375 0.0328125 0.06015625
62 0.58203125 0.271875 0.0296875 0.05859375
7 0.6140625 0.27578125 0.03046875 0.06328125
28 0.6453125 0.2734375 0.028125 0.059375
7 0.67734375 0.271875 0.028125 0.05546875
47 0.1453125 0.7171875 0.02890625 0.06015625
48 0.17578125 0.7171875 0.03203125 0.0640625
25 0.23828125 0.72421875 0.03125 0.05859375
61 0.26640625 0.7234375 0.02734375 0.0546875
4 0.29765625 0.72578125 0.02734375 0.059375
27 0.32890625 0.7265625 0.0296875 0.06171875
25 0.390625 0.72734375 0.02890625 0.05
61 0.41953125 0.7296875 0.02734375 0.053125
6 0.453125 0.728125 0.03046875 0.05390625
7 0.4859375 0.7265625 0.03125 0.05703125