13 0.87734375 0.465625 0.04296875 0.09296875
13 0.18515625 0.484375 0.04609375 0.11171875
13 0.43828125 0.47421875 0.05078125 0.11640625
16 0.13203125 0.48125 0.03984375 0.10234375
16 0.38828125 0.47890625 0.0421875 0.0984375
49 0.234375 0.4796875 0.0484375 0.09765625
49 0.48671875 0.47578125 0.0421875 0.0984375
61 0.2890625 0.475 0.04296875 0.08984375
61 0.53828125 0.47421875 0.04140625 0.09296875
40 0.3359375 0.47578125 0.05 0.09453125
40 0.5890625 0.47421875 0.05 0.09296875
1 0.69140625 0.4734375 0.0375 0.090625
30 0.73828125 0.4703125 0.046875 0.09296875
11 0.7828125 0.471875 0.03828125 0.08984375
61 0.83203125 0.46953125 0.03828125 0.09375