13 0.3890625 0.30625 0.02890625 0.03359375
13 0.478125 0.3046875 0.02734375 0.03515625
34 0.2140625 0.31015625 0.03671875 0.03046875
27 0.24453125 0.3109375 0.02734375 0.02734375
34 0.275 0.309375 0.025 0.0296875
11 0.30078125 0.31015625 0.0234375 0.02890625
25 0.3625 0.30625 0.02578125 0.03359375
36 0.4203125 0.3046875 0.03359375 0.03203125
9 0.44921875 0.30546875 0.02578125 0.03203125
20 0.50859375 0.303125 0.03515625 0.03125
7 0.5375 0.303125 0.02265625 0.0296875
30 0.596875 0.30078125 0.02890625 0.03046875
10 0.62578125 0.3015625 0.02265625 0.02890625
30 0.65390625 0.30078125 0.028125 0.028125