13 0.9734375 0.4015625 0.0296875 0.06796875
21 0.20625 0.40625 0.02890625 0.06328125
42 0.0421875 0.40859375 0.03671875 0.0625
13 0.075 0.409375 0.02890625 0.07109375
27 0.1078125 0.40859375 0.034375 0.06796875
1 0.14140625 0.40859375 0.03046875 0.06796875
15 0.171875 0.40703125 0.0296875 0.07265625
25 0.2421875 0.40390625 0.03671875 0.059375
5 0.2765625 0.40625 0.0296875 0.06328125
25 0.346875 0.40546875 0.034375 0.06640625
37 0.38203125 0.4046875 0.03203125 0.06875
49 0.4140625 0.403125 0.03125 0.06484375
49 0.628125 0.39765625 0.0359375 0.06875
49 0.5203125 0.39921875 0.03515625 0.0625
49 0.734375 0.3953125 0.03359375 0.0671875
42 0.45078125 0.39921875 0.0359375 0.06328125
42 0.6640625 0.396875 0.034375 0.06875
4 0.48671875 0.40078125 0.03359375 0.06796875
4 0.6984375 0.39921875 0.034375 0.071875
25 0.5609375 0.39921875 0.03671875 0.06328125
37 0.59375 0.39921875 0.0296875 0.06640625
25 0.80625 0.396875 0.03515625 0.06875
1 0.84140625 0.40078125 0.03125 0.0703125
4 0.87421875 0.40390625 0.034375 0.0796875
15 0.90859375 0.40546875 0.02734375 0.08125
61 0.940625 0.40390625 0.0265625 0.0765625