13 0.221875 0.325 0.0296875 0.06171875
13 0.5171875 0.534375 0.025 0.0578125
21 0.21796875 0.74453125 0.02578125 0.05703125
13 0.51640625 0.7484375 0.02578125 0.05078125
8 0.1109375 0.22890625 0.028125 0.0671875
42 0.1390625 0.23359375 0.02578125 0.06015625
13 0.16640625 0.22890625 0.028125 0.05859375
27 0.19609375 0.228125 0.02578125 0.0578125
62 0.2234375 0.2265625 0.02734375 0.05859375
15 0.253125 0.22578125 0.028125 0.059375
30 0.31171875 0.221875 0.02890625 0.0578125
30 0.36640625 0.2203125 0.02890625 0.0578125
31 0.3390625 0.22421875 0.0296875 0.0625
62 0.396875 0.21953125 0.03046875 0.0546875
48 0.42734375 0.221875 0.03203125 0.05859375
34 0.4828125 0.21953125 0.0375 0.05859375
30 0.515625 0.21875 0.028125 0.0578125
47 0.54453125 0.2171875 0.03359375 0.059375
28 0.57421875 0.21953125 0.02890625 0.06640625
18 0.60234375 0.21953125 0.02734375 0.07265625
62 0.63046875 0.2171875 0.028125 0.071875
48 0.6625 0.2171875 0.03203125 0.06796875
34 0.71953125 0.21640625 0.02734375 0.06015625
49 0.7484375 0.21796875 0.03125 0.06328125
62 0.7796875 0.2171875 0.02890625 0.06015625
9 0.809375 0.21953125 0.025 0.06484375
37 0.8375 0.2203125 0.03203125 0.06328125
8 0.86796875 0.2203125 0.0265625 0.059375
40 0.9 0.21875 0.03359375 0.0578125
34 0.05078125 0.32734375 0.03046875 0.05859375
4 0.08046875 0.3265625 0.03046875 0.0578125
15 0.10859375 0.32734375 0.0265625 0.05859375
61 0.13515625 0.328125 0.02421875 0.0578125
30 0.16328125 0.32734375 0.034375 0.0625
16 0.25234375 0.32578125 0.03046875 0.0671875
41 0.28359375 0.3234375 0.028125 0.0640625
40 0.31015625 0.32265625 0.034375 0.06328125
1 0.36640625 0.3234375 0.03359375 0.05859375
5 0.39765625 0.32421875 0.02734375 0.0625
5 0.4578125 0.32109375 0.0265625 0.053125
45 0.428125 0.3234375 0.02890625 0.05390625
3 0.4828125 0.32109375 0.02421875 0.05234375
5 0.51484375 0.32265625 0.02890625 0.05859375
38 0.5453125 0.3234375 0.03125 0.06171875
45 0.57421875 0.32265625 0.0265625 0.0546875
45 0.9359375 0.746875 0.03046875 0.0578125
38 0.90390625 0.74921875 0.03203125 0.059375
5 0.8703125 0.746875 0.0265625 0.06015625
3 0.8421875 0.74921875 0.034375 0.05703125
13 0.81015625 0.7484375 0.0265625 0.0625
4 0.75546875 0.74765625 0.03359375 0.05859375
25 0.7234375 0.746875 0.0296875 0.0578125
11 0.6703125 0.74921875 0.034375 0.06796875
18 0.6359375 0.74921875 0.0265625 0.06796875
48 0.57734375 0.74609375 0.02890625 0.05859375
1 0.54453125 0.75 0.03046875 0.06328125
33 0.4859375 0.7484375 0.03046875 0.05
5 0.45390625 0.75 0.02890625 0.05546875
4 0.42421875 0.74921875 0.028125 0.05859375
8 0.39609375 0.7484375 0.025 0.059375
48 0.3375 0.74609375 0.0328125 0.0578125
62 0.309375 0.7453125 0.02734375 0.05390625
5 0.2796875 0.74609375 0.0296875 0.06015625
25 0.2484375 0.7453125 0.0265625 0.0578125
27 0.18984375 0.7453125 0.02890625 0.05390625
4 0.16484375 0.74453125 0.02578125 0.05390625
61 0.1359375 0.74296875 0.02421875 0.046875
25 0.10234375 0.7421875 0.0359375 0.04609375
45 0.36640625 0.6390625 0.03125 0.0546875
62 0.103125 0.534375 0.028125 0.053125
19 0.134375 0.53671875 0.02890625 0.0625
40 0.16328125 0.5375 0.0265625 0.0578125
37 0.2234375 0.53671875 0.03046875 0.05859375
27 0.25 0.534375 0.02734375 0.0578125
61 0.2796875 0.53515625 0.0265625 0.05546875
30 0.309375 0.5328125 0.028125 0.06328125
18 0.3671875 0.5375 0.03203125 0.0671875
61 0.396875 0.5359375 0.03125 0.06015625
30 0.43046875 0.53515625 0.02890625 0.05859375
30 0.484375 0.53515625 0.0328125 0.05390625
17 0.54296875 0.53515625 0.02734375 0.0546875
48 0.575 0.53515625 0.0328125 0.05703125
13 0.6375 0.534375 0.0265625 0.06171875
11 0.6640625 0.534375 0.0265625 0.0578125
1 0.69375 0.534375 0.0296875 0.06328125
40 0.72421875 0.53515625 0.02734375 0.0625
40 0.7515625 0.534375 0.02578125 0.06171875
25 0.04921875 0.63984375 0.0296875 0.053125
15 0.07734375 0.6390625 0.0265625 0.053125
49 0.10546875 0.6390625 0.02890625 0.053125
37 0.134375 0.63671875 0.03359375 0.05234375
61 0.16484375 0.6390625 0.02890625 0.053125
18 0.19375 0.63828125 0.0296875 0.05234375
15 0.21796875 0.6390625 0.028125 0.05546875
3 0.24453125 0.63828125 0.0296875 0.05546875
34 0.2765625 0.6390625 0.028125 0.0625
13 0.30703125 0.6390625 0.02890625 0.06015625
38 0.33515625 0.63984375 0.02890625 0.0546875