13 0.3 0.5484375 0.0359375 0.08515625
13 0.9046875 0.51640625 0.034375 0.08125
61 0.121875 0.5546875 0.0390625 0.078125
30 0.16484375 0.5546875 0.0390625 0.0796875
20 0.209375 0.553125 0.034375 0.0828125
49 0.2546875 0.55078125 0.046875 0.08515625
42 0.38984375 0.54375 0.0375 0.08671875
43 0.4328125 0.540625 0.03671875 0.08125
1 0.475 0.540625 0.0390625 0.08671875
16 0.51796875 0.54140625 0.034375 0.090625
30 0.56171875 0.5375 0.03828125 0.084375
30 0.65234375 0.5296875 0.03828125 0.08046875
61 0.6078125 0.53359375 0.0375 0.084375
34 0.73671875 0.52578125 0.03515625 0.08203125
13 0.78046875 0.52421875 0.03125 0.08125
44 0.8203125 0.521875 0.0421875 0.08515625
61 0.86484375 0.51875 0.0359375 0.08203125