13 0.46015625 0.63671875 0.03046875 0.0640625
13 0.55859375 0.640625 0.02734375 0.0546875
30 0.1140625 0.4 0.03359375 0.0640625
30 0.1765625 0.40234375 0.02578125 0.06328125
10 0.14765625 0.4015625 0.0296875 0.0734375
62 0.20625 0.4015625 0.03046875 0.06328125
48 0.240625 0.40234375 0.0296875 0.0671875
61 0.3015625 0.40703125 0.0296875 0.06484375
5 0.33359375 0.4078125 0.03203125 0.06484375
17 0.36484375 0.41015625 0.028125 0.0703125
4 0.396875 0.40703125 0.03359375 0.0671875
8 0.4296875 0.40703125 0.0296875 0.06796875
8 0.50078125 0.40703125 0.02890625 0.0640625
39 0.52734375 0.40625 0.0265625 0.06484375
38 0.55859375 0.40703125 0.03046875 0.06328125
0 0.59296875 0.40703125 0.0328125 0.06640625
40 0.62734375 0.4078125 0.03671875 0.0671875
18 0.69453125 0.4109375 0.03046875 0.0734375
15 0.72734375 0.409375 0.03515625 0.07265625
16 0.7921875 0.41171875 0.0234375 0.0671875
32 0.82265625 0.41171875 0.03125 0.0640625
3 0.8578125 0.4140625 0.03046875 0.0640625
5 0.890625 0.4140625 0.03125 0.06796875
38 0.925 0.41171875 0.034375 0.06875
45 0.9578125 0.41328125 0.0296875 0.0796875
61 0.10859375 0.6296875 0.02578125 0.0625
36 0.140625 0.63125 0.034375 0.0703125
7 0.17265625 0.6328125 0.0265625 0.06484375
15 0.20078125 0.63515625 0.02734375 0.06796875
1 0.23203125 0.63671875 0.03125 0.07109375
30 0.265625 0.6359375 0.034375 0.0703125
34 0.32578125 0.634375 0.02890625 0.0578125
27 0.35859375 0.63671875 0.034375 0.06171875
34 0.396875 0.63671875 0.02890625 0.06640625
61 0.42734375 0.6375 0.0265625 0.0671875
25 0.52890625 0.6453125 0.0375 0.0625
11 0.58828125 0.64375 0.02890625 0.0625
47 0.62421875 0.6421875 0.03359375 0.06328125
5 0.65859375 0.64140625 0.0390625 0.0671875
3 0.68984375 0.6421875 0.02734375 0.06328125
5 0.725 0.646875 0.0390625 0.0640625
38 0.75703125 0.64453125 0.034375 0.06015625
45 0.7875 0.64765625 0.03046875 0.0640625