13 0.82109375 0.48125 0.040625 0.09453125
25 0.1859375 0.47890625 0.053125 0.09140625
16 0.23671875 0.4796875 0.04609375 0.09140625
43 0.29140625 0.47890625 0.05078125 0.0953125
1 0.34609375 0.47890625 0.0453125 0.090625
61 0.3984375 0.48046875 0.04609375 0.09375
4 0.45234375 0.48125 0.05 0.0984375
15 0.5046875 0.48046875 0.05 0.1
17 0.61171875 0.48203125 0.0453125 0.09453125
62 0.6671875 0.4796875 0.04921875 0.08828125
15 0.72109375 0.48359375 0.04296875 0.09765625
61 0.771875 0.4828125 0.03671875 0.0953125