13 0.2375 0.653125 0.040625 0.07578125
13 0.31875 0.740625 0.046875 0.07578125
13 0.86796875 0.7046875 0.034375 0.07265625
25 0.11875 0.57265625 0.028125 0.05859375
31 0.15546875 0.571875 0.03671875 0.065625
8 0.19375 0.5640625 0.0359375 0.0734375
4 0.234375 0.565625 0.0375 0.07421875
5 0.2734375 0.5625 0.03359375 0.07265625
33 0.3140625 0.5609375 0.0375 0.065625
36 0.35625 0.5578125 0.0328125 0.07109375
30 0.43515625 0.55703125 0.03203125 0.07265625
7 0.396875 0.5578125 0.03125 0.0734375
13 0.5859375 0.5515625 0.03671875 0.07265625
48 0.4 0.73203125 0.03515625 0.0765625
62 0.35859375 0.7359375 0.034375 0.07421875
47 0.31640625 0.65 0.03515625 0.07109375
33 0.35546875 0.65 0.0359375 0.0703125
31 0.2765625 0.6515625 0.03203125 0.07265625
1 0.278125 0.73828125 0.034375 0.07109375
25 0.240625 0.74140625 0.03671875 0.0765625
8 0.47578125 0.7296875 0.04140625 0.08515625
0 0.515625 0.728125 0.03203125 0.08046875
8 0.553125 0.72578125 0.03515625 0.0734375
0 0.5890625 0.725 0.034375 0.0765625
36 0.76875 0.7109375 0.03203125 0.0734375
22 0.8015625 0.709375 0.0265625 0.07109375
25 0.7328125 0.71328125 0.03046875 0.0734375
3 0.69765625 0.71484375 0.03359375 0.07890625
18 0.6265625 0.721875 0.03203125 0.07734375
15 0.6609375 0.71875 0.0328125 0.0734375
62 0.83515625 0.70390625 0.03125 0.06875
1 0.903125 0.70234375 0.0296875 0.06953125
45 0.9359375 0.7 0.02890625 0.06953125
40 0.7640625 0.54609375 0.034375 0.07109375
49 0.7296875 0.54765625 0.0328125 0.0703125
16 0.69296875 0.54921875 0.03671875 0.0765625
25 0.6578125 0.55 0.03359375 0.08125
25 0.55 0.54921875 0.03125 0.071875
1 0.51015625 0.5546875 0.03984375 0.0765625
40 0.1578125 0.6515625 0.03828125 0.0734375
34 0.19609375 0.6546875 0.0375 0.07734375
4 0.19921875 0.73984375 0.03984375 0.075
1 0.159375 0.73671875 0.0375 0.0734375
25 0.11875 0.7390625 0.03984375 0.08203125
1 0.11953125 0.6484375 0.0328125 0.071875
9 0.084375 0.65234375 0.03515625 0.075
8 0.05 0.65390625 0.03203125 0.0765625