13 0.6046875 0.42734375 0.03359375 0.06796875
4 0.51484375 0.4953125 0.0265625 0.0578125
47 0.48203125 0.3625 0.0234375 0.0515625
30 0.54140625 0.42578125 0.0265625 0.0546875
27 0.5703125 0.4265625 0.0265625 0.05625
5 0.54296875 0.49375 0.025 0.05625
3 0.57421875 0.49140625 0.0296875 0.05078125
5 0.603125 0.4921875 0.02421875 0.05390625
38 0.6375 0.48984375 0.02109375 0.0515625
49 0.72734375 0.41796875 0.0234375 0.04609375
45 0.665625 0.4875 0.025 0.05
15 0.821875 0.4125 0.0265625 0.0578125
4 0.790625 0.4140625 0.025 0.05390625
34 0.7578125 0.41796875 0.025 0.0515625
7 0.8546875 0.41328125 0.025 0.05078125
40 0.8875 0.4140625 0.02890625 0.05546875
15 0.69453125 0.41875 0.02578125 0.05
25 0.66640625 0.41875 0.01953125 0.04921875
61 0.5140625 0.42421875 0.02265625 0.04609375
34 0.48515625 0.496875 0.02890625 0.05625
45 0.4515625 0.36328125 0.025 0.05390625
6 0.421875 0.36484375 0.02265625 0.05390625
34 0.39375 0.36484375 0.0265625 0.05703125
32 0.3625 0.365625 0.02890625 0.0546875
30 0.33203125 0.36640625 0.0265625 0.05390625
1 0.30390625 0.365625 0.02890625 0.05078125
47 0.30546875 0.5625 0.02109375 0.05390625
45 0.275 0.5640625 0.025 0.05703125
6 0.24765625 0.56484375 0.028125 0.05234375
28 0.21640625 0.56484375 0.02734375 0.0578125
2 0.12578125 0.30703125 0.0296875 0.05703125
56 0.09609375 0.30703125 0.02890625 0.05859375