13 0.87890625 0.51328125 0.034375 0.0671875
13 0.23359375 0.60078125 0.03359375 0.06796875
21 0.23203125 0.37109375 0.034375 0.07109375
13 0.096875 0.45 0.0375 0.07265625
13 0.371875 0.44296875 0.034375 0.06640625
13 0.61484375 0.51875 0.03125 0.0671875
13 0.58203125 0.3609375 0.03515625 0.0734375
13 0.475 0.603125 0.03515625 0.06875
15 0.196875 0.3703125 0.03125 0.07109375
16 0.16328125 0.3703125 0.0375 0.0671875
62 0.26484375 0.36796875 0.0296875 0.0671875
48 0.29921875 0.36796875 0.034375 0.0625
5 0.16328125 0.446875 0.02890625 0.0625
3 0.13125 0.45078125 0.02890625 0.0734375
3 0.196875 0.44609375 0.03046875 0.065625
25 0.2328125 0.44765625 0.028125 0.0625
36 0.26640625 0.44296875 0.03203125 0.06484375
22 0.3 0.43984375 0.025 0.06015625
62 0.3328125 0.4421875 0.03359375 0.0625
60 0.3703125 0.3640625 0.03125 0.06640625
28 0.43984375 0.3640625 0.0328125 0.0625
7 0.4078125 0.3640625 0.02890625 0.0609375
1 0.40546875 0.4421875 0.03046875 0.06640625
45 0.43984375 0.44140625 0.03203125 0.06328125
36 0.19921875 0.52265625 0.02890625 0.06484375
61 0.16796875 0.5203125 0.03203125 0.065625
1 0.23203125 0.5234375 0.02890625 0.0640625
40 0.26796875 0.5234375 0.03046875 0.0625
48 0.303125 0.521875 0.03203125 0.06171875
17 0.096875 0.6015625 0.03046875 0.06015625
38 0.13125 0.603125 0.03046875 0.0625
34 0.16640625 0.60234375 0.03125 0.0625
54 0.19921875 0.60390625 0.03046875 0.06171875
5 0.26796875 0.59921875 0.0296875 0.0640625
3 0.3015625 0.596875 0.034375 0.06640625
18 0.37109375 0.5234375 0.03046875 0.06328125
36 0.3734375 0.59921875 0.03203125 0.0640625
25 0.33828125 0.596875 0.02890625 0.0671875
27 0.475 0.36640625 0.03359375 0.07109375
1 0.5109375 0.36328125 0.03203125 0.0671875
40 0.54609375 0.3625 0.0328125 0.0671875
37 0.64765625 0.3640625 0.03046875 0.06484375
13 0.50859375 0.51796875 0.0359375 0.0640625
62 0.40546875 0.5203125 0.03046875 0.0640625
37 0.440625 0.51953125 0.03046875 0.0671875
31 0.47578125 0.51796875 0.0296875 0.0703125
22 0.40703125 0.5984375 0.02890625 0.06171875
62 0.4421875 0.6015625 0.03359375 0.0671875
1 0.51171875 0.6015625 0.03203125 0.0703125
45 0.5453125 0.59921875 0.03046875 0.0640625
18 0.58046875 0.52109375 0.03359375 0.07109375
27 0.646875 0.51875 0.02890625 0.0671875
1 0.68046875 0.5171875 0.02890625 0.0671875
1 0.68203125 0.36171875 0.03203125 0.0625
1 0.715625 0.3609375 0.0296875 0.0703125
0 0.74921875 0.36015625 0.03359375 0.06640625
10 0.81640625 0.36484375 0.0328125 0.06953125
61 0.85078125 0.3625 0.02890625 0.0671875
30 0.8828125 0.359375 0.02890625 0.0640625
34 0.84609375 0.5125 0.0296875 0.0671875
42 0.91171875 0.5109375 0.0328125 0.065625
24 0.94453125 0.51171875 0.0296875 0.06640625
40 0.715625 0.51640625 0.03046875 0.0671875
61 0.74765625 0.5125 0.02890625 0.06171875
30 0.78203125 0.5140625 0.0359375 0.06796875