13 0.26015625 0.55625 0.03828125 0.08125
21 0.33515625 0.5515625 0.0359375 0.07734375
13 0.22421875 0.6390625 0.040625 0.06796875
13 0.5984375 0.6203125 0.03359375 0.0796875
13 0.7453125 0.53515625 0.034375 0.08125
13 0.70859375 0.621875 0.03828125 0.06953125
4 0.18515625 0.5578125 0.03125 0.06640625
25 0.221875 0.5609375 0.03828125 0.06875
61 0.14921875 0.5609375 0.0359375 0.06875
26 0.11328125 0.56015625 0.03359375 0.071875
26 0.0828125 0.646875 0.03359375 0.065625
62 0.05078125 0.64375 0.0265625 0.0625
28 0.1515625 0.64140625 0.0375 0.06328125
62 0.1875 0.63828125 0.03125 0.0609375
11 0.29921875 0.553125 0.034375 0.07578125
25 0.3 0.63671875 0.03359375 0.06640625
4 0.3375 0.63671875 0.034375 0.06796875
16 0.375 0.63359375 0.03046875 0.065625
15 0.4109375 0.63359375 0.03671875 0.065625
0 0.4484375 0.6296875 0.03359375 0.065625
10 0.41015625 0.54921875 0.0359375 0.071875
40 0.44921875 0.54609375 0.03359375 0.07109375
5 0.4859375 0.54609375 0.03359375 0.06953125
18 0.596875 0.53984375 0.03515625 0.075
26 0.56328125 0.625 0.03359375 0.06953125
62 0.525 0.6265625 0.0359375 0.06796875
16 0.5234375 0.54609375 0.03046875 0.0640625
0 0.5578125 0.5421875 0.03046875 0.0640625
24 0.6328125 0.53984375 0.03203125 0.07578125
34 0.67109375 0.621875 0.03671875 0.06875
34 0.709375 0.5328125 0.0359375 0.0796875
62 0.7453125 0.621875 0.03203125 0.07265625
3 0.78125 0.615625 0.03203125 0.07265625
4 0.8515625 0.52890625 0.0328125 0.06796875
40 0.8171875 0.6140625 0.03203125 0.07109375
25 0.81640625 0.52890625 0.03046875 0.06484375
25 0.853125 0.6125 0.03203125 0.06328125
38 0.925 0.6078125 0.0296875 0.07109375
37 0.8890625 0.609375 0.03359375 0.06484375
25 0.8890625 0.528125 0.02890625 0.06640625
13 0.92109375 0.5265625 0.0296875 0.0671875
22 0.9546875 0.52421875 0.03125 0.0703125
45 0.9578125 0.60625 0.0296875 0.06796875