13 0.2484375 0.24140625 0.03359375 0.06953125
13 0.58203125 0.24140625 0.03125 0.07265625
13 0.44921875 0.24140625 0.034375 0.06953125
13 0.45 0.3140625 0.034375 0.0625
21 0.18515625 0.46484375 0.0296875 0.06953125
5 0.1546875 0.1765625 0.02578125 0.059375
1 0.18515625 0.17421875 0.02578125 0.0578125
4 0.21640625 0.17265625 0.03046875 0.05703125
19 0.24765625 0.17109375 0.03046875 0.05859375
16 0.315625 0.1671875 0.02578125 0.059375
1 0.34765625 0.165625 0.02890625 0.0609375
18 0.41484375 0.16484375 0.02890625 0.059375
9 0.44921875 0.1625 0.0296875 0.05625
37 0.48359375 0.1640625 0.02890625 0.0625
19 0.51640625 0.165625 0.02734375 0.0578125
1 0.55078125 0.165625 0.02890625 0.0578125
21 0.5828125 0.165625 0.028125 0.06015625
25 0.64921875 0.171875 0.02421875 0.05625
16 0.68046875 0.17265625 0.02734375 0.0578125
34 0.7125 0.1734375 0.02421875 0.05390625
24 0.74296875 0.17421875 0.028125 0.05703125
25 0.09921875 0.25234375 0.028125 0.06171875
1 0.1265625 0.253125 0.02421875 0.0625
4 0.15390625 0.2515625 0.028125 0.06328125
25 0.1859375 0.24765625 0.02578125 0.05703125
1 0.21640625 0.2453125 0.028125 0.059375
62 0.2828125 0.23984375 0.03125 0.06015625
48 0.315625 0.23984375 0.0296875 0.05859375
8 0.38125 0.23984375 0.03125 0.06171875
42 0.41640625 0.240625 0.02890625 0.06015625
27 0.484375 0.240625 0.03125 0.0703125
34 0.55078125 0.2390625 0.02890625 0.065625
62 0.61328125 0.24296875 0.02890625 0.06171875
37 0.646875 0.24296875 0.03125 0.06640625
62 0.67890625 0.24296875 0.0296875 0.059375
48 0.71171875 0.24375 0.03125 0.0609375
2 0.775 0.24453125 0.02734375 0.05703125
48 0.80703125 0.246875 0.02890625 0.06015625
16 0.86875 0.24921875 0.02578125 0.05625
15 0.89921875 0.25 0.02734375 0.06015625
7 0.93125 0.24921875 0.0234375 0.0578125
40 0.9609375 0.25 0.03125 0.0609375
16 0.1 0.32421875 0.0265625 0.05859375
11 0.1265625 0.3234375 0.02421875 0.05859375
61 0.15546875 0.32109375 0.0265625 0.0609375
26 0.18515625 0.31953125 0.02890625 0.06171875
18 0.2171875 0.31796875 0.02734375 0.059375
15 0.24921875 0.3171875 0.03046875 0.0625
3 0.28203125 0.315625 0.028125 0.06328125
36 0.34921875 0.315625 0.0296875 0.06484375
22 0.38046875 0.31640625 0.02890625 0.06171875
62 0.415625 0.3140625 0.03203125 0.0609375
1 0.484375 0.31328125 0.02890625 0.0609375
45 0.5171875 0.3125 0.03125 0.0609375
31 0.15546875 0.3953125 0.028125 0.06015625
60 0.18515625 0.39296875 0.0265625 0.059375
11 0.21484375 0.39375 0.02890625 0.0578125
7 0.25078125 0.3921875 0.028125 0.06171875
43 0.2828125 0.38984375 0.03125 0.06328125
34 0.35 0.38828125 0.0296875 0.06015625
4 0.3828125 0.3890625 0.03125 0.06171875
25 0.41796875 0.3875 0.028125 0.06171875
21 0.45 0.38984375 0.03125 0.06328125
38 0.484375 0.3890625 0.03046875 0.0625
14 0.5171875 0.3890625 0.02890625 0.0625
34 0.58359375 0.38828125 0.03125 0.0609375
5 0.61484375 0.38984375 0.02890625 0.06796875
34 0.68046875 0.39140625 0.02890625 0.06015625
30 0.7125 0.39140625 0.03125 0.06484375
27 0.7453125 0.3921875 0.03046875 0.06484375
15 0.89921875 0.39453125 0.0296875 0.06171875
18 0.86953125 0.3921875 0.028125 0.05625
4 0.8390625 0.39375 0.02890625 0.06171875
61 0.8078125 0.3921875 0.0328125 0.06015625
34 0.0984375 0.471875 0.0265625 0.0578125
4 0.1265625 0.4703125 0.025 0.05625
25 0.15546875 0.47109375 0.02578125 0.0578125
38 0.2171875 0.465625 0.02890625 0.05703125
14 0.24921875 0.46640625 0.02890625 0.05546875
47 0.2828125 0.46640625 0.03125 0.05546875
25 0.31875 0.315625 0.02578125 0.06171875