13 0.87890625 0.503125 0.0359375 0.08125
4 0.14296875 0.521875 0.034375 0.07265625
25 0.1078125 0.5203125 0.02890625 0.0765625
17 0.18046875 0.51875 0.0390625 0.06875
5 0.21875 0.51953125 0.034375 0.071875
62 0.26015625 0.5171875 0.03828125 0.07109375
30 0.3 0.51796875 0.0390625 0.075
16 0.33984375 0.5140625 0.040625 0.07421875
40 0.421875 0.515625 0.03984375 0.0796875
61 0.4984375 0.5078125 0.0375 0.07421875
58 0.5375 0.51015625 0.0375 0.07578125
62 0.578125 0.50625 0.03984375 0.0734375
58 0.61640625 0.50859375 0.0359375 0.07421875
25 0.6890625 0.50703125 0.04375 0.0828125
1 0.728125 0.5046875 0.034375 0.0828125
4 0.7671875 0.503125 0.03828125 0.07890625
25 0.80703125 0.50234375 0.0328125 0.075
1 0.84296875 0.50078125 0.03359375 0.07578125
62 0.9140625 0.50234375 0.03125 0.075
48 0.95078125 0.5 0.03125 0.07421875