13 0.70234375 0.60859375 0.02890625 0.053125
13 0.78359375 0.60859375 0.02734375 0.05625
30 0.34453125 0.6140625 0.02578125 0.05234375
1 0.31640625 0.61171875 0.02734375 0.0546875
27 0.28828125 0.61171875 0.02734375 0.05703125
62 0.26015625 0.61328125 0.028125 0.05234375
54 0.22890625 0.61484375 0.0265625 0.05703125
42 0.20078125 0.6140625 0.0265625 0.05390625
49 0.17265625 0.6125 0.02578125 0.05703125
4 0.14296875 0.6171875 0.02734375 0.0515625
42 0.11640625 0.61640625 0.025 0.0546875
7 0.06015625 0.61484375 0.02890625 0.053125
57 0.0296875 0.61875 0.028125 0.05546875
34 0.37109375 0.6140625 0.0265625 0.04765625
5 0.4 0.615625 0.02578125 0.0515625
27 0.428125 0.61640625 0.02734375 0.053125
34 0.45703125 0.61328125 0.02734375 0.0484375
1 0.484375 0.61171875 0.02578125 0.05234375
30 0.51171875 0.61171875 0.02421875 0.0515625
25 0.5375 0.61015625 0.02109375 0.04921875
5 0.5640625 0.609375 0.02421875 0.04921875
32 0.6203125 0.60859375 0.0234375 0.05
9 0.646875 0.609375 0.0234375 0.05078125
61 0.59140625 0.60859375 0.02265625 0.04609375
45 0.83515625 0.60625 0.021875 0.04765625
1 0.81015625 0.60859375 0.02265625 0.053125
62 0.7546875 0.60546875 0.02578125 0.05390625
22 0.72890625 0.6046875 0.02421875 0.0515625