13 0.30234375 0.640625 0.03828125 0.08125
13 0.2 0.71875 0.03125 0.07421875
13 0.7734375 0.74921875 0.0375 0.0828125
30 0.37265625 0.64375 0.0359375 0.07265625
1 0.33828125 0.6421875 0.0359375 0.0765625
16 0.3375 0.72578125 0.03046875 0.06328125
11 0.3734375 0.728125 0.0359375 0.071875
26 0.44765625 0.73515625 0.0375 0.07578125
61 0.4109375 0.7328125 0.0328125 0.07265625
40 0.26484375 0.7265625 0.03125 0.06953125
7 0.2328125 0.72421875 0.02890625 0.0703125
49 0.2328125 0.640625 0.02890625 0.065625
18 0.2671875 0.63984375 0.03046875 0.0671875
15 0.20078125 0.640625 0.03359375 0.06484375
18 0.1703125 0.640625 0.03203125 0.06484375
1 0.16796875 0.71953125 0.03046875 0.06796875
25 0.1359375 0.72109375 0.028125 0.059375
1 0.1375 0.63828125 0.0296875 0.0640625
4 0.10703125 0.715625 0.0328125 0.0640625
1 0.07734375 0.71328125 0.0265625 0.0609375
15 0.48671875 0.65 0.03828125 0.07265625
16 0.4515625 0.6453125 0.034375 0.06953125
18 0.48828125 0.73515625 0.03359375 0.07421875
15 0.52734375 0.73671875 0.03515625 0.075
4 0.56953125 0.64921875 0.0390625 0.0703125
3 0.56796875 0.73984375 0.03515625 0.07578125
15 0.6109375 0.64921875 0.0359375 0.07265625
53 0.653125 0.653125 0.04296875 0.078125
36 0.65078125 0.74453125 0.03828125 0.07109375
25 0.61015625 0.74375 0.0359375 0.07734375
22 0.68984375 0.7453125 0.034375 0.0734375
62 0.73203125 0.74765625 0.04140625 0.0796875
1 0.8125 0.7453125 0.034375 0.07890625
45 0.846875 0.74609375 0.0296875 0.08046875
62 0.73125 0.65546875 0.0375 0.07421875
4 0.77265625 0.65703125 0.0390625 0.07578125
61 0.8125 0.6546875 0.03359375 0.0640625
19 0.846875 0.65546875 0.03203125 0.0671875
37 0.87890625 0.65625 0.03046875 0.0671875
37 0.9109375 0.65546875 0.02890625 0.06796875