13 0.76484375 0.596875 0.03828125 0.0890625
5 0.10078125 0.59921875 0.046875 0.0953125
34 0.05078125 0.5984375 0.0484375 0.09296875
27 0.1515625 0.6 0.05 0.09921875
34 0.19921875 0.596875 0.0453125 0.09609375
1 0.24609375 0.5953125 0.0453125 0.10078125
30 0.29375 0.59609375 0.0484375 0.09375
25 0.34375 0.5953125 0.0421875 0.09375
5 0.39296875 0.603125 0.046875 0.084375
61 0.440625 0.59765625 0.040625 0.07109375
32 0.49140625 0.60078125 0.04765625 0.08828125
9 0.53515625 0.6 0.0375 0.08828125
60 0.5796875 0.59765625 0.04140625 0.0875
8 0.62578125 0.60234375 0.03984375 0.0890625
4 0.6703125 0.59921875 0.046875 0.08671875
25 0.7203125 0.59921875 0.0375 0.08359375
11 0.809375 0.5984375 0.0453125 0.08671875