21 0.2921875 0.6 0.0359375 0.07265625
13 0.61484375 0.68828125 0.0375 0.07734375
13 0.73203125 0.4953125 0.03828125 0.07109375
13 0.18203125 0.6921875 0.03359375 0.07109375
61 0.1078125 0.52265625 0.02734375 0.0625
4 0.1421875 0.521875 0.028125 0.0671875
49 0.17734375 0.521875 0.03359375 0.0671875
61 0.21640625 0.521875 0.028125 0.0671875
36 0.2546875 0.5171875 0.0328125 0.065625
27 0.2921875 0.5171875 0.034375 0.06953125
18 0.32890625 0.51328125 0.034375 0.06796875
15 0.36796875 0.51484375 0.0359375 0.07109375
34 0.40859375 0.5125 0.03359375 0.0703125
24 0.446875 0.5078125 0.03671875 0.07109375
1 0.56953125 0.5 0.034375 0.0671875
25 0.5328125 0.5046875 0.0328125 0.07109375
4 0.61484375 0.50078125 0.034375 0.07265625
25 0.65234375 0.49921875 0.03359375 0.07265625
1 0.690625 0.49765625 0.0375 0.07265625
62 0.7734375 0.49375 0.03515625 0.07109375
48 0.81328125 0.49296875 0.034375 0.06875
48 0.81484375 0.58515625 0.03515625 0.0671875
11 0.77578125 0.5828125 0.03359375 0.0671875
36 0.7359375 0.5890625 0.03203125 0.07109375
1 0.69453125 0.5875 0.034375 0.06875
9 0.6515625 0.58984375 0.03359375 0.07734375
46 0.903125 0.5796875 0.0328125 0.06640625
17 0.9390625 0.578125 0.0328125 0.065625
40 0.97734375 0.58046875 0.0265625 0.06484375
45 0.69453125 0.6828125 0.0359375 0.07265625
1 0.6546875 0.68125 0.03359375 0.0671875
8 0.61328125 0.5890625 0.034375 0.06953125
62 0.5734375 0.68828125 0.03984375 0.07890625
49 0.53046875 0.596875 0.03828125 0.071875
22 0.53125 0.6859375 0.03359375 0.075
16 0.49296875 0.596875 0.034375 0.06875
36 0.49296875 0.6890625 0.034375 0.0765625
25 0.4515625 0.59921875 0.03203125 0.0671875
25 0.45234375 0.69140625 0.03203125 0.06796875
21 0.36953125 0.60078125 0.034375 0.0671875
15 0.371875 0.6890625 0.0390625 0.07578125
3 0.4125 0.68828125 0.03203125 0.07890625
18 0.3328125 0.69140625 0.034375 0.07734375
30 0.25625 0.69296875 0.034375 0.07578125
7 0.21875 0.6953125 0.034375 0.078125
34 0.21640625 0.60703125 0.03046875 0.065625
13 0.253125 0.60390625 0.03359375 0.06953125
16 0.1453125 0.6078125 0.02890625 0.0640625
5 0.1796875 0.60859375 0.02890625 0.06875
61 0.14609375 0.69296875 0.03046875 0.06328125
28 0.1078125 0.60859375 0.03203125 0.06796875
4 0.11015625 0.69453125 0.02890625 0.0671875
11 0.0703125 0.6078125 0.03203125 0.06796875
15 0.075 0.69375 0.03046875 0.065625
18 0.0390625 0.609375 0.03125 0.0703125
16 0.03984375 0.69375 0.02890625 0.06796875