21 0.8125 0.325 0.03359375 0.0671875
13 0.95390625 0.32890625 0.03203125 0.07265625
13 0.24921875 0.57578125 0.0328125 0.071875
13 0.43515625 0.40703125 0.0375 0.0796875
1 0.14453125 0.325 0.0328125 0.05546875
18 0.18203125 0.3265625 0.03359375 0.0625
15 0.2171875 0.32890625 0.03125 0.06640625
49 0.253125 0.32890625 0.03203125 0.06875
18 0.28828125 0.328125 0.03125 0.06640625
13 0.32421875 0.328125 0.034375 0.06875
4 0.39921875 0.32578125 0.034375 0.0671875
34 0.4359375 0.32578125 0.0328125 0.06796875
4 0.47265625 0.325 0.03515625 0.06796875
53 0.509375 0.32578125 0.034375 0.06640625
62 0.5875 0.32421875 0.03359375 0.06328125
19 0.62421875 0.32421875 0.0328125 0.06171875
19 0.659375 0.32578125 0.0328125 0.06015625
16 0.73828125 0.32421875 0.03125 0.0625
41 0.775 0.32578125 0.034375 0.0671875
10 0.88515625 0.325 0.0328125 0.06328125
61 0.92109375 0.328125 0.03203125 0.06171875
47 0.14296875 0.415625 0.03203125 0.06328125
9 0.10859375 0.4125 0.03359375 0.0609375
28 0.071875 0.4125 0.034375 0.065625
61 0.18203125 0.409375 0.0296875 0.0625
30 0.21640625 0.41015625 0.0328125 0.06640625
62 0.28671875 0.40859375 0.03203125 0.06640625
27 0.32265625 0.41015625 0.03203125 0.06953125
28 0.36015625 0.40859375 0.03515625 0.071875
3 0.4734375 0.409375 0.034375 0.06796875
5 0.5109375 0.409375 0.03125 0.06796875
3 0.5484375 0.40859375 0.03203125 0.071875
25 0.5875 0.4078125 0.0328125 0.06484375
36 0.625 0.40703125 0.034375 0.0625
22 0.659375 0.40703125 0.02734375 0.06484375
62 0.69921875 0.40625 0.03125 0.0671875
13 0.7375 0.40859375 0.03125 0.06875
1 0.775 0.40703125 0.03203125 0.0609375
31 0.14296875 0.49375 0.03046875 0.0609375
13 0.17734375 0.49140625 0.034375 0.065625
61 0.21640625 0.49296875 0.02890625 0.06875
23 0.25078125 0.490625 0.03203125 0.0671875
7 0.2875 0.490625 0.0296875 0.0625
30 0.3234375 0.49140625 0.03515625 0.0734375
25 0.39921875 0.49140625 0.03125 0.06953125
16 0.43515625 0.490625 0.03203125 0.06953125
49 0.47265625 0.48984375 0.034375 0.0703125
40 0.509375 0.49140625 0.034375 0.07578125
8 0.58671875 0.4890625 0.0328125 0.07109375
9 0.62421875 0.49140625 0.034375 0.07421875
1 0.66171875 0.490625 0.0328125 0.075
40 0.7 0.4890625 0.034375 0.0703125
34 0.74140625 0.4921875 0.03515625 0.06796875
45 0.7765625 0.49296875 0.03203125 0.0703125
53 0.95390625 0.49453125 0.0296875 0.07265625
4 0.921875 0.4921875 0.03125 0.07109375
5 0.77734375 0.57578125 0.03046875 0.065625
61 0.7390625 0.57421875 0.0328125 0.06953125
40 0.1421875 0.57109375 0.03125 0.06328125
62 0.0703125 0.56953125 0.03125 0.05859375
19 0.10625 0.571875 0.0296875 0.06171875
25 0.215625 0.5734375 0.02578125 0.0671875
11 0.284375 0.57421875 0.034375 0.0703125
18 0.321875 0.57734375 0.034375 0.07109375
5 0.36015625 0.57578125 0.03359375 0.0703125
27 0.39765625 0.5765625 0.03125 0.07265625
18 0.434375 0.5734375 0.03125 0.0671875
15 0.471875 0.571875 0.0359375 0.06953125
16 0.54921875 0.57265625 0.03125 0.06875
30 0.58671875 0.57421875 0.0359375 0.07265625
62 0.625 0.571875 0.0328125 0.0703125
48 0.66171875 0.57421875 0.03359375 0.07578125