13 0.20546875 0.4625 0.0296875 0.06796875
13 0.7375 0.475 0.03203125 0.06484375
13 0.26796875 0.4609375 0.02734375 0.06171875
53 0.29921875 0.4609375 0.03046875 0.059375
61 0.2375 0.45859375 0.02578125 0.0578125
61 0.17421875 0.45703125 0.0296875 0.06015625
50 0.1125 0.45390625 0.03046875 0.0625
16 0.08125 0.4546875 0.0265625 0.059375
34 0.3625 0.465625 0.028125 0.05625
58 0.39375 0.46484375 0.02734375 0.05703125
8 0.42421875 0.465625 0.02890625 0.06015625
26 0.45546875 0.46875 0.028125 0.0625
16 0.48671875 0.46796875 0.02578125 0.05390625
4 0.5171875 0.46796875 0.0265625 0.05703125
4 0.58046875 0.47109375 0.0265625 0.0578125
36 0.64296875 0.471875 0.02890625 0.0578125
42 0.6140625 0.47265625 0.02578125 0.05859375
0 0.67421875 0.4703125 0.02421875 0.05703125
5 0.77109375 0.47578125 0.02890625 0.05546875
17 0.8015625 0.47734375 0.028125 0.05625
50 0.83359375 0.47890625 0.028125 0.059375
30 0.92578125 0.48046875 0.02890625 0.06171875
25 0.89609375 0.4796875 0.0296875 0.0578125
2 0.95859375 0.47890625 0.02578125 0.0578125
21 0.9875 0.484375 0.025 0.059375
13 0.925 0.5484375 0.0265625 0.05703125
3 0.95703125 0.5484375 0.0265625 0.0578125
25 0.98671875 0.55078125 0.02578125 0.05703125
4 0.86328125 0.54609375 0.028125 0.05546875
25 0.834375 0.54609375 0.02421875 0.05859375
40 0.7703125 0.54375 0.028125 0.05703125
12 0.73828125 0.54140625 0.02890625 0.05625
16 0.70546875 0.53984375 0.028125 0.053125
40 0.64296875 0.540625 0.0265625 0.05390625
9 0.61015625 0.54140625 0.0265625 0.053125
6 0.5796875 0.53671875 0.02734375 0.0546875
13 0.54765625 0.5375 0.028125 0.05546875
34 0.51875 0.5359375 0.02578125 0.053125
54 0.48515625 0.53515625 0.02734375 0.0578125
25 0.45703125 0.534375 0.0234375 0.05234375
27 0.42421875 0.53359375 0.02734375 0.0578125
36 0.39375 0.53203125 0.02734375 0.05546875