13 0.2078125 0.79375 0.03125 0.0625
21 0.44921875 0.7203125 0.03828125 0.0578125
37 0.25234375 0.48671875 0.0296875 0.06171875
49 0.18671875 0.4125 0.02578125 0.0578125
4 0.18203125 0.4859375 0.02890625 0.0546875
30 0.18046875 0.56328125 0.0265625 0.06171875
13 0.178125 0.6359375 0.028125 0.06171875
15 0.17421875 0.7140625 0.02578125 0.05625
27 0.17421875 0.790625 0.0328125 0.06015625
30 0.1390625 0.7921875 0.02578125 0.05703125
13 0.153125 0.41015625 0.02578125 0.0578125
34 0.15078125 0.4875 0.0265625 0.05859375
61 0.14765625 0.5640625 0.03203125 0.06015625
61 0.21875 0.4140625 0.028125 0.0515625
15 0.2171875 0.48671875 0.028125 0.059375
27 0.21328125 0.5640625 0.02734375 0.0671875
31 0.2109375 0.63671875 0.03046875 0.0609375
61 0.20859375 0.7125 0.0296875 0.05625
28 0.2484375 0.56328125 0.02890625 0.05859375
47 0.24453125 0.63828125 0.0296875 0.06171875
30 0.24453125 0.715625 0.02578125 0.06484375
1 0.2765625 0.7921875 0.0265625 0.05625
17 0.2765625 0.715625 0.0265625 0.05859375
5 0.25390625 0.41484375 0.028125 0.05390625
45 0.309375 0.71484375 0.02890625 0.0625
30 0.309375 0.79765625 0.02890625 0.06015625
13 0.3796875 0.8 0.0265625 0.05859375
27 0.2859375 0.41796875 0.03125 0.059375
1 0.3203125 0.41640625 0.0296875 0.059375
8 0.31875 0.4921875 0.02578125 0.05859375
21 0.6171875 0.575 0.02890625 0.065625
5 0.5515625 0.725 0.0265625 0.0578125
44 0.52734375 0.725 0.02890625 0.0609375
58 0.75546875 0.43359375 0.02578125 0.05546875
62 0.7875 0.43359375 0.028125 0.05859375
5 0.821875 0.43671875 0.02578125 0.0609375
34 0.8546875 0.4375 0.02734375 0.05625
15 0.71953125 0.58125 0.03125 0.0578125
16 0.68359375 0.58046875 0.0328125 0.05625
30 0.7890625 0.584375 0.0296875 0.06328125
17 0.8203125 0.58359375 0.02890625 0.0625
52 0.821875 0.73515625 0.02890625 0.05859375
8 0.7859375 0.73671875 0.03125 0.0625
40 0.7203125 0.734375 0.025 0.05703125
13 0.64921875 0.72890625 0.02578125 0.06015625
27 0.6828125 0.73046875 0.03046875 0.06015625
27 0.5828125 0.728125 0.02890625 0.06015625
25 0.615625 0.72890625 0.0296875 0.0625
34 0.85546875 0.7375 0.03359375 0.059375
45 0.890625 0.7375 0.03125 0.06484375
47 0.92421875 0.7359375 0.02734375 0.06328125
38 0.8203125 0.81171875 0.0265625 0.0578125
45 0.85234375 0.8109375 0.03046875 0.06796875
15 0.7203125 0.8078125 0.028125 0.05625
3 0.753125 0.80703125 0.02734375 0.0578125
5 0.7859375 0.81015625 0.02890625 0.06171875
5 0.6484375 0.80546875 0.03046875 0.06015625
62 0.684375 0.80703125 0.02890625 0.05078125
40 0.515625 0.80078125 0.03359375 0.053125
6 0.48515625 0.57109375 0.0296875 0.06015625
36 0.85546875 0.5828125 0.028125 0.0625
13 0.921875 0.58515625 0.0296875 0.0609375
34 0.8890625 0.584375 0.02890625 0.06328125
13 0.37890625 0.7234375 0.028125 0.06171875
25 0.3421875 0.8 0.028125 0.0578125
7 0.41171875 0.79921875 0.03046875 0.0578125
28 0.4484375 0.80078125 0.03203125 0.065625
0 0.48203125 0.80078125 0.0296875 0.06484375
25 0.5828125 0.80390625 0.02890625 0.05625
61 0.615625 0.8046875 0.0265625 0.0546875
0 0.5875 0.5765625 0.0328125 0.06328125
45 0.51640625 0.57109375 0.02578125 0.059375
28 0.45078125 0.56953125 0.02890625 0.05546875
8 0.41875 0.56953125 0.02890625 0.06015625
30 0.3859375 0.56796875 0.028125 0.0625
61 0.35078125 0.56640625 0.02890625 0.0578125
7 0.2828125 0.56484375 0.028125 0.06015625
15 0.41953125 0.49375 0.028125 0.05546875
3 0.45390625 0.4984375 0.028125 0.0609375
18 0.3859375 0.49296875 0.03125 0.0578125
11 0.35 0.490625 0.025 0.05859375
7 0.3546875 0.41796875 0.0265625 0.05390625
13 0.3875 0.4203125 0.0296875 0.0578125
7 0.42265625 0.42109375 0.02890625 0.0546875
5 0.48515625 0.49609375 0.02578125 0.05859375
38 0.51953125 0.5 0.02578125 0.05703125
45 0.55234375 0.5015625 0.02890625 0.0578125
4 0.55390625 0.42734375 0.02890625 0.05859375
60 0.58515625 0.42578125 0.0265625 0.05546875
18 0.6203125 0.42890625 0.02734375 0.0578125
13 0.65234375 0.43046875 0.03046875 0.05546875
61 0.7234375 0.434375 0.02734375 0.05546875
8 0.5203125 0.42578125 0.02578125 0.05390625
36 0.45625 0.425 0.028125 0.05703125
34 0.4140625 0.72265625 0.02890625 0.06171875
16 0.1390625 0.715625 0.03046875 0.059375
31 0.10625 0.71484375 0.03046875 0.0578125
61 0.10546875 0.78984375 0.0265625 0.0546875
62 0.14296875 0.6359375 0.02890625 0.059375
0 0.15390625 0.340625 0.02421875 0.06171875
51 0.12265625 0.33671875 0.028125 0.05859375
34 0.1203125 0.4078125 0.0265625 0.05625
15 0.08359375 0.48125 0.0265625 0.05390625
49 0.1171875 0.4859375 0.025 0.05625
31 0.11328125 0.5625 0.0234375 0.05625