13 0.45546875 0.40546875 0.034375 0.06953125
13 0.45859375 0.56953125 0.0375 0.07421875
28 0.13046875 0.33828125 0.03359375 0.06796875
49 0.16484375 0.33671875 0.02890625 0.06328125
61 0.2015625 0.334375 0.03046875 0.0609375
36 0.2359375 0.334375 0.03125 0.06328125
8 0.2703125 0.33203125 0.03671875 0.0625
13 0.30703125 0.33125 0.034375 0.065625
16 0.3828125 0.3265625 0.03046875 0.06796875
46 0.41796875 0.3265625 0.03203125 0.06484375
48 0.4546875 0.3234375 0.03359375 0.0609375
18 0.52734375 0.3203125 0.03203125 0.06484375
7 0.56796875 0.321875 0.02890625 0.06484375
4 0.6 0.3171875 0.03125 0.06640625
1 0.6359375 0.31796875 0.03359375 0.065625
30 0.67421875 0.3171875 0.034375 0.06484375
34 0.74609375 0.31171875 0.0359375 0.06796875
30 0.784375 0.31171875 0.034375 0.06953125
38 0.82265625 0.31015625 0.03203125 0.0671875
49 0.85703125 0.309375 0.03125 0.0609375
18 0.89375 0.30859375 0.0296875 0.065625
9 0.92890625 0.309375 0.02890625 0.06328125
62 0.065625 0.4171875 0.034375 0.0625
11 0.09765625 0.41875 0.02578125 0.065625
13 0.13125 0.41796875 0.03515625 0.0671875
5 0.19921875 0.4125 0.034375 0.06640625
22 0.38203125 0.40390625 0.02890625 0.0609375
62 0.41796875 0.40546875 0.034375 0.065625
1 0.49375 0.40234375 0.034375 0.06796875
45 0.53046875 0.40234375 0.03125 0.06640625
13 0.49453125 0.48359375 0.03359375 0.0671875
40 0.45625 0.48515625 0.03359375 0.065625
1 0.4203125 0.48359375 0.034375 0.06171875
24 0.38515625 0.4859375 0.03359375 0.06640625
13 0.31015625 0.4875 0.03046875 0.06484375
8 0.27421875 0.4890625 0.034375 0.0625
36 0.2390625 0.48984375 0.03046875 0.06171875
61 0.20234375 0.490625 0.03046875 0.059375
15 0.346875 0.5703125 0.0375 0.06796875
8 0.38359375 0.5671875 0.03125 0.06328125
19 0.421875 0.56640625 0.03359375 0.0671875
34 0.49765625 0.56484375 0.03125 0.0671875
38 0.5328125 0.565625 0.03359375 0.0703125
45 0.5703125 0.5640625 0.03515625 0.0671875
13 0.6390625 0.47890625 0.03359375 0.0703125
15 0.6046875 0.47734375 0.034375 0.0703125
8 0.56796875 0.47890625 0.034375 0.06875
11 0.67421875 0.4796875 0.02890625 0.06796875
37 0.71484375 0.4734375 0.0375 0.0703125
13 0.7875 0.47265625 0.0375 0.06796875