13 0.05078125 0.48515625 0.0296875 0.0609375
13 0.43515625 0.4859375 0.0296875 0.06640625
13 0.24375 0.55703125 0.03125 0.0625
13 0.43515625 0.5546875 0.0296875 0.06796875
5 0.0828125 0.4859375 0.02890625 0.05859375
17 0.11484375 0.4875 0.03046875 0.06171875
50 0.14765625 0.48671875 0.03046875 0.06328125
12 0.0515625 0.5578125 0.028125 0.05859375
16 0.0234375 0.5578125 0.02890625 0.0609375
40 0.08359375 0.5578125 0.0296875 0.0609375
25 0.14765625 0.55703125 0.02890625 0.059375
4 0.1796875 0.55546875 0.02890625 0.0609375
30 0.24296875 0.48671875 0.02890625 0.059375
25 0.21328125 0.4875 0.025 0.05859375
2 0.275 0.48671875 0.028125 0.05625
3 0.27578125 0.55625 0.02890625 0.05625
21 0.30625 0.48515625 0.02890625 0.05625
25 0.3078125 0.55859375 0.0265625 0.0546875
36 0.33984375 0.55390625 0.02734375 0.05390625
22 0.3703125 0.553125 0.025 0.053125
21 0.3703125 0.4859375 0.02890625 0.0578125
33 0.33828125 0.4859375 0.028125 0.05703125
62 0.40390625 0.55390625 0.02890625 0.0578125
5 0.46875 0.4859375 0.02734375 0.05625
1 0.465625 0.55625 0.02890625 0.06484375
45 0.4984375 0.55625 0.03046875 0.06328125
17 0.49765625 0.4828125 0.02578125 0.05546875
50 0.52890625 0.4828125 0.02734375 0.06171875
40 0.56171875 0.4828125 0.0265625 0.05625
33 0.6359375 0.48359375 0.02421875 0.0546875
61 0.65859375 0.48125 0.02265625 0.05390625
30 0.68671875 0.48359375 0.0265625 0.0578125
44 0.71796875 0.4828125 0.02734375 0.05703125
36 0.75078125 0.4828125 0.0265625 0.05625
8 0.78046875 0.484375 0.0265625 0.0578125
26 0.8109375 0.48359375 0.0265625 0.05390625