13 0.14609375 0.590625 0.0375 0.0796875
21 0.48046875 0.590625 0.0359375 0.0796875
13 0.81015625 0.590625 0.040625 0.0796875
25 0.10390625 0.5890625 0.0390625 0.08125
27 0.1890625 0.59140625 0.0375 0.08046875
16 0.23046875 0.59375 0.0390625 0.08046875
4 0.27421875 0.5953125 0.040625 0.0859375
7 0.31484375 0.59140625 0.03828125 0.08046875
36 0.3578125 0.5921875 0.04140625 0.0796875
27 0.40078125 0.59140625 0.03671875 0.0859375
25 0.43984375 0.5921875 0.034375 0.07578125
9 0.52265625 0.590625 0.04140625 0.084375
10 0.5640625 0.590625 0.0375 0.0859375
5 0.60546875 0.58828125 0.034375 0.075
60 0.64609375 0.58828125 0.0390625 0.07734375
8 0.68671875 0.58828125 0.04140625 0.08046875
4 0.73046875 0.5890625 0.03828125 0.08046875
25 0.7703125 0.5875 0.034375 0.07265625
11 0.8515625 0.58671875 0.0375 0.07734375