13 0.21875 0.36796875 0.03125 0.07421875
13 0.3265625 0.4515625 0.0359375 0.07265625
13 0.93046875 0.38359375 0.0359375 0.0796875
36 0.15 0.3703125 0.0265625 0.059375
61 0.11484375 0.37265625 0.02734375 0.06171875
7 0.184375 0.37109375 0.03125 0.06796875
62 0.046875 0.453125 0.02890625 0.06015625
48 0.07890625 0.4546875 0.03125 0.06484375
25 0.15078125 0.453125 0.0265625 0.06328125
1 0.18359375 0.4546875 0.0328125 0.06953125
4 0.21875 0.45234375 0.03125 0.06328125
25 0.25390625 0.4484375 0.0234375 0.06640625
27 0.253125 0.365625 0.03125 0.07578125
25 0.290625 0.36796875 0.03046875 0.065625
1 0.28828125 0.45 0.03125 0.06640625
23 0.32578125 0.36875 0.03203125 0.06484375
8 0.3625 0.36875 0.0328125 0.06640625
54 0.39765625 0.37109375 0.0328125 0.06796875
7 0.434375 0.36875 0.03125 0.065625
11 0.46953125 0.36875 0.03125 0.06953125
30 0.546875 0.371875 0.034375 0.06953125
16 0.58359375 0.3703125 0.03203125 0.06875
48 0.61875 0.36875 0.03125 0.06328125
21 0.6546875 0.36875 0.034375 0.065625
4 0.76796875 0.37265625 0.0296875 0.06328125
61 0.728125 0.37265625 0.03359375 0.065625
22 0.803125 0.37265625 0.0359375 0.06640625
61 0.84140625 0.3765625 0.0296875 0.065625
30 0.875 0.378125 0.03359375 0.07265625