13 0.0796875 0.5125 0.0359375 0.06640625
13 0.15546875 0.80546875 0.03359375 0.07578125
13 0.21875 0.80703125 0.03125 0.07578125
13 0.42421875 0.80078125 0.03203125 0.05859375
13 0.3859375 0.65234375 0.03359375 0.06796875
13 0.3171875 0.65625 0.034375 0.06953125
4 0.14375 0.43125 0.02890625 0.06015625
34 0.17734375 0.43125 0.03046875 0.06171875
4 0.21171875 0.43125 0.02890625 0.06171875
21 0.246875 0.4296875 0.03359375 0.06328125
62 0.28046875 0.43046875 0.03125 0.0640625
48 0.31484375 0.42734375 0.03125 0.065625
25 0.384375 0.4265625 0.028125 0.0609375
4 0.4171875 0.425 0.03046875 0.0625
8 0.4515625 0.42421875 0.03203125 0.0671875
9 0.4859375 0.4265625 0.03046875 0.065625
47 0.51953125 0.42265625 0.0296875 0.0578125
48 0.55390625 0.42265625 0.034375 0.0640625
18 0.61953125 0.41640625 0.03046875 0.0625
15 0.65390625 0.41796875 0.03125 0.06328125
49 0.68828125 0.41796875 0.0296875 0.05859375
25 0.72421875 0.41875 0.0265625 0.05546875
13 0.78984375 0.41171875 0.03046875 0.06015625
54 0.75625 0.41328125 0.03046875 0.06640625
2 0.79375 0.5609375 0.03046875 0.0640625
30 0.828125 0.5625 0.03203125 0.06328125
2 0.85859375 0.5625 0.03125 0.0640625
30 0.89296875 0.5609375 0.03046875 0.06015625
62 0.9234375 0.56015625 0.0265625 0.0578125
5 0.95703125 0.56015625 0.02734375 0.06171875
33 0.98671875 0.559375 0.02578125 0.06015625
45 0.95859375 0.6359375 0.03203125 0.06484375
45 0.92578125 0.6375 0.03203125 0.0609375
45 0.8921875 0.63515625 0.03046875 0.06171875
46 0.8609375 0.63671875 0.02890625 0.0625
16 0.828125 0.63828125 0.0296875 0.065625
13 0.925 0.71328125 0.03203125 0.06640625
8 0.89453125 0.7140625 0.03203125 0.06796875
36 0.86171875 0.71484375 0.03046875 0.06875
61 0.828125 0.715625 0.03046875 0.06875
49 0.79453125 0.71171875 0.0328125 0.071875
28 0.759375 0.71640625 0.0359375 0.07109375
13 0.75859375 0.6421875 0.03046875 0.0640625
46 0.69140625 0.56953125 0.02890625 0.06484375
7 0.7234375 0.56484375 0.03046875 0.07109375
8 0.7265625 0.6375 0.03359375 0.065625
36 0.6921875 0.64453125 0.03125 0.0640625
21 0.690625 0.7203125 0.0328125 0.0703125
61 0.6609375 0.64296875 0.03359375 0.065625
16 0.6546875 0.56875 0.0390625 0.06953125
49 0.62421875 0.64453125 0.03046875 0.065625
30 0.62578125 0.721875 0.0296875 0.0671875
33 0.65703125 0.7203125 0.0296875 0.06484375
61 0.5921875 0.72265625 0.03046875 0.06640625
28 0.5890625 0.646875 0.034375 0.06484375
36 0.590625 0.56953125 0.03203125 0.06640625
1 0.55703125 0.57109375 0.02734375 0.0609375
50 0.5234375 0.57265625 0.0328125 0.06171875
8 0.48828125 0.57265625 0.03125 0.059375
28 0.45390625 0.571875 0.03125 0.0640625
46 0.490625 0.64765625 0.03046875 0.0640625
16 0.45703125 0.64765625 0.0296875 0.0609375
7 0.5234375 0.64921875 0.03125 0.06015625
58 0.52578125 0.721875 0.0328125 0.06328125
8 0.49140625 0.7203125 0.03046875 0.0625
49 0.42265625 0.7234375 0.03046875 0.059375
34 0.3875 0.72421875 0.03203125 0.059375
37 0.3546875 0.72734375 0.0296875 0.06328125
62 0.39140625 0.8 0.03046875 0.05859375
1 0.45625 0.8 0.03046875 0.059375
45 0.48984375 0.79921875 0.034375 0.059375
22 0.35546875 0.79921875 0.028125 0.05625
36 0.32265625 0.80390625 0.02890625 0.0625
25 0.2890625 0.8046875 0.02734375 0.0609375
3 0.25390625 0.8046875 0.0296875 0.0625
49 0.2859375 0.73046875 0.0296875 0.06015625
4 0.25078125 0.73046875 0.03046875 0.0625
8 0.353125 0.6515625 0.03125 0.065625
34 0.2203125 0.73046875 0.02734375 0.059375
36 0.18671875 0.73203125 0.03046875 0.0609375
61 0.15078125 0.7328125 0.02890625 0.06328125
46 0.121875 0.80703125 0.03203125 0.0578125
16 0.09140625 0.80703125 0.03046875 0.05859375
46 0.11796875 0.659375 0.0296875 0.0609375
16 0.08671875 0.66015625 0.0296875 0.06484375
7 0.15 0.6609375 0.028125 0.0609375
2 0.2171875 0.65703125 0.02890625 0.0609375
36 0.2515625 0.65546875 0.0296875 0.06171875
7 0.28515625 0.6578125 0.03046875 0.06640625
28 0.21484375 0.58203125 0.03125 0.0609375
30 0.24921875 0.58125 0.03125 0.0609375
2 0.1828125 0.57890625 0.0296875 0.0609375
2 0.1484375 0.578125 0.0265625 0.05546875
16 0.31953125 0.578125 0.028125 0.05703125
46 0.3515625 0.57734375 0.0296875 0.05703125
7 0.3859375 0.57734375 0.0296875 0.05390625
45 0.35 0.503125 0.03046875 0.05625
1 0.315625 0.50078125 0.03125 0.05546875
13 0.28203125 0.50390625 0.02890625 0.05859375
62 0.2484375 0.50078125 0.03125 0.05703125
36 0.18125 0.50546875 0.03046875 0.0609375
22 0.2140625 0.503125 0.03046875 0.05546875
25 0.14921875 0.5078125 0.02578125 0.05625
3 0.11484375 0.50859375 0.0265625 0.06015625