13 0.38046875 0.39765625 0.05546875 0.1109375
13 0.27109375 0.6421875 0.053125 0.10078125
13 0.5453125 0.7578125 0.05234375 0.10390625
4 0.21875 0.3984375 0.05078125 0.09375
1 0.165625 0.39765625 0.04765625 0.09375
25 0.1125 0.4 0.04296875 0.09921875
25 0.27421875 0.39765625 0.046875 0.09921875
1 0.3234375 0.39765625 0.0484375 0.09609375
53 0.434375 0.39921875 0.04375 0.0984375
30 0.59453125 0.39765625 0.05234375 0.096875
8 0.540625 0.39296875 0.0515625 0.0984375
18 0.65 0.39921875 0.046875 0.096875
5 0.7015625 0.40078125 0.04609375 0.10234375
27 0.75625 0.4015625 0.05234375 0.1015625
60 0.7015625 0.5125 0.04453125 0.096875
0 0.65078125 0.5078125 0.04453125 0.0890625
16 0.5953125 0.51328125 0.046875 0.096875
62 0.54296875 0.51171875 0.0484375 0.09296875
62 0.48828125 0.5140625 0.04765625 0.09375
16 0.4359375 0.5140625 0.05234375 0.09140625
25 0.38046875 0.51953125 0.05078125 0.090625
11 0.27109375 0.5171875 0.046875 0.09140625
7 0.21796875 0.51796875 0.04453125 0.09296875
40 0.16484375 0.51640625 0.04921875 0.09609375
61 0.1125 0.51640625 0.04609375 0.09375
61 0.11171875 0.6375 0.04609375 0.09140625
36 0.1640625 0.6421875 0.0484375 0.0984375
7 0.2171875 0.64296875 0.04609375 0.0984375
27 0.328125 0.64140625 0.04765625 0.10546875
7 0.38046875 0.64140625 0.0484375 0.1015625
11 0.43515625 0.64296875 0.04921875 0.10703125
25 0.54375 0.63828125 0.04921875 0.096875
16 0.59765625 0.63359375 0.046875 0.09453125
62 0.65078125 0.63671875 0.05078125 0.09609375
62 0.70234375 0.63515625 0.04921875 0.09140625
16 0.75859375 0.63203125 0.04921875 0.0890625
0 0.809375 0.634375 0.04296875 0.09609375
60 0.86796875 0.63125 0.0546875 0.09453125
42 0.11015625 0.7546875 0.0390625 0.09921875
41 0.16484375 0.759375 0.04921875 0.096875
17 0.21640625 0.7609375 0.04296875 0.10234375
9 0.2703125 0.76015625 0.04765625 0.1046875
60 0.32578125 0.75859375 0.04609375 0.10703125
7 0.378125 0.7609375 0.04296875 0.10390625
11 0.43203125 0.7609375 0.04296875 0.09609375
35 0.6 0.759375 0.0453125 0.10390625
42 0.65390625 0.75859375 0.04296875 0.09921875
41 0.70546875 0.7578125 0.04765625 0.10234375
17 0.76015625 0.75859375 0.0484375 0.10703125
9 0.81484375 0.75859375 0.0453125 0.1046875