13 0.359375 0.17265625 0.03125 0.03984375
13 0.6515625 0.165625 0.0359375 0.03984375
13 0.38828125 0.21171875 0.03984375 0.0359375
13 0.42265625 0.25078125 0.03671875 0.03828125
13 0.77265625 0.24765625 0.0375 0.0390625
13 0.84765625 0.24921875 0.0375 0.03671875
13 0.453125 0.29296875 0.0390625 0.0421875
13 0.85390625 0.29296875 0.0390625 0.0390625
13 0.25546875 0.346875 0.03125 0.0390625
13 0.26796875 0.49375 0.0359375 0.0375
13 0.65390625 0.48828125 0.03203125 0.04453125
13 0.7875 0.54375 0.034375 0.040625
21 0.6921875 0.16484375 0.04296875 0.0390625
13 0.42421875 0.60546875 0.034375 0.04375
21 0.615625 0.43671875 0.0375 0.0390625
21 0.69296875 0.20625 0.0359375 0.03515625
56 0.2640625 0.14609375 0.034375 0.03515625
46 0.29921875 0.14375 0.0328125 0.03828125
31 0.25703125 0.1828125 0.02890625 0.03515625
30 0.2890625 0.17890625 0.034375 0.0328125
7 0.32421875 0.1765625 0.028125 0.03203125
50 0.39375 0.16953125 0.02734375 0.0359375
48 0.43125 0.16796875 0.034375 0.03828125
51 0.4875 0.1671875 0.03515625 0.03515625
7 0.5390625 0.165625 0.03125 0.0359375
28 0.5796875 0.16328125 0.034375 0.03828125
27 0.6171875 0.16328125 0.03125 0.0375
38 0.73203125 0.16484375 0.03046875 0.03828125
31 0.76796875 0.16484375 0.034375 0.03671875
47 0.80625 0.16640625 0.0296875 0.0375
31 0.24921875 0.221875 0.0328125 0.03515625
61 0.2828125 0.2171875 0.03203125 0.0328125
36 0.315625 0.21640625 0.0328125 0.034375
7 0.35078125 0.21328125 0.0296875 0.0328125
25 0.42265625 0.2109375 0.03359375 0.0359375
36 0.4640625 0.20703125 0.03203125 0.03515625
25 0.5390625 0.20859375 0.03125 0.03515625
24 0.57890625 0.2046875 0.034375 0.0328125
18 0.6171875 0.2046875 0.02890625 0.03671875
32 0.6546875 0.20546875 0.03359375 0.03671875
62 0.76796875 0.20546875 0.03203125 0.03515625
28 0.80859375 0.20703125 0.03515625 0.03671875
30 0.84609375 0.2078125 0.03515625 0.0359375
62 0.88046875 0.20859375 0.03203125 0.034375
48 0.92109375 0.2109375 0.034375 0.0359375
62 0.9875 0.21171875 0.025 0.0328125
60 0.18046875 0.271875 0.034375 0.0375
62 0.21015625 0.26796875 0.028125 0.03359375
20 0.23984375 0.26484375 0.0359375 0.03671875
49 0.27421875 0.25859375 0.0328125 0.0375
25 0.30625 0.2546875 0.02890625 0.03359375
61 0.3453125 0.2546875 0.034375 0.0328125
19 0.3828125 0.253125 0.0296875 0.03828125
7 0.45703125 0.25078125 0.03203125 0.0359375
28 0.496875 0.25 0.03671875 0.03984375
9 0.5359375 0.25 0.03046875 0.03984375
1 0.578125 0.24765625 0.03203125 0.0390625
45 0.615625 0.2484375 0.034375 0.03984375
30 0.6953125 0.24453125 0.0328125 0.034375
7 0.73359375 0.24765625 0.03515625 0.0390625
50 0.8125 0.24921875 0.0359375 0.03671875
62 0.92578125 0.2515625 0.034375 0.0359375
25 0.9609375 0.25234375 0.0390625 0.03828125
16 0.990625 0.25390625 0.01875 0.0328125
62 0.17109375 0.31328125 0.0234375 0.03046875
5 0.19765625 0.31015625 0.03203125 0.03671875
8 0.23203125 0.30625 0.028125 0.03828125
4 0.265625 0.30390625 0.034375 0.03828125
8 0.3390625 0.3 0.03046875 0.03984375
9 0.3765625 0.296875 0.0328125 0.040625
47 0.4140625 0.2953125 0.03125 0.03671875
18 0.5359375 0.290625 0.0296875 0.03671875
15 0.57578125 0.2890625 0.0296875 0.0359375
25 0.6140625 0.2890625 0.03046875 0.03515625
5 0.6546875 0.2890625 0.02890625 0.03515625
7 0.69453125 0.28984375 0.0296875 0.03359375
25 0.778125 0.28984375 0.034375 0.03671875
24 0.8140625 0.28984375 0.03828125 0.03671875
34 0.93125 0.2953125 0.0359375 0.03828125
58 0.97109375 0.29375 0.03671875 0.03671875
37 0.99609375 0.29609375 0.0078125 0.0390625
1 0.1578125 0.3546875 0.03359375 0.0375
39 0.18828125 0.353125 0.03984375 0.0390625
36 0.334375 0.34296875 0.02890625 0.03046875
7 0.37109375 0.34140625 0.02890625 0.03203125
31 0.21953125 0.35078125 0.02890625 0.03515625
27 0.2921875 0.3453125 0.02421875 0.03515625
30 0.409375 0.33984375 0.02578125 0.0375
61 0.49140625 0.33828125 0.0296875 0.03515625
36 0.53203125 0.3359375 0.03046875 0.03515625
7 0.57109375 0.3375 0.03125 0.03828125
40 0.61640625 0.33515625 0.034375 0.03515625
34 0.69140625 0.33671875 0.034375 0.03515625
4 0.7375 0.33671875 0.0296875 0.03671875
0 0.77890625 0.3375 0.028125 0.03515625
24 0.81875 0.3375 0.03203125 0.03671875
1 0.896875 0.3390625 0.0296875 0.03984375
4 0.93984375 0.3390625 0.02890625 0.03515625
15 0.978125 0.3390625 0.03046875 0.0328125
30 0.1421875 0.4015625 0.0375 0.04296875
11 0.1796875 0.40078125 0.03828125 0.04609375
7 0.20859375 0.396875 0.0359375 0.0453125
43 0.246875 0.39375 0.03515625 0.03984375
16 0.32109375 0.39453125 0.0390625 0.04609375
30 0.3625 0.38828125 0.03203125 0.040625
62 0.40625 0.38828125 0.0328125 0.03828125
15 0.4453125 0.38671875 0.034375 0.04140625
25 0.48828125 0.38359375 0.034375 0.0390625
5 0.53046875 0.38359375 0.034375 0.040625
16 0.6109375 0.38671875 0.0359375 0.040625
46 0.65390625 0.38359375 0.0296875 0.03359375
7 0.69453125 0.38515625 0.0296875 0.03203125
30 0.7390625 0.38359375 0.02890625 0.03671875
8 0.82109375 0.38359375 0.028125 0.03046875
9 0.86328125 0.3859375 0.02734375 0.0296875
11 0.90625 0.3859375 0.03203125 0.0328125
31 0.9484375 0.38671875 0.03203125 0.03515625
5 0.9859375 0.3875 0.0265625 0.03671875
31 0.20078125 0.4453125 0.03359375 0.03984375
32 0.23828125 0.44296875 0.03125 0.03984375
7 0.27265625 0.44140625 0.03828125 0.04296875
8 0.3578125 0.440625 0.034375 0.0421875
4 0.4 0.4390625 0.03359375 0.0390625
25 0.43984375 0.43671875 0.03125 0.03828125
5 0.484375 0.43515625 0.03203125 0.04296875
22 0.53046875 0.4359375 0.0328125 0.03671875
62 0.57109375 0.4359375 0.034375 0.03828125
38 0.65390625 0.43515625 0.02734375 0.03671875
45 0.696875 0.43359375 0.028125 0.034375
25 0.7265625 0.43359375 0.02734375 0.03671875
55 0.75859375 0.434375 0.03125 0.03671875
31 0.190625 0.49453125 0.0359375 0.04375
34 0.22578125 0.49453125 0.03828125 0.03828125
61 0.3078125 0.49375 0.034375 0.03828125
36 0.35 0.49296875 0.0375 0.04140625
27 0.39140625 0.49296875 0.03046875 0.0390625
1 0.43515625 0.490625 0.0328125 0.03671875
30 0.4765625 0.4890625 0.0328125 0.03828125
30 0.56640625 0.4890625 0.03359375 0.03828125
50 0.6984375 0.4859375 0.0328125 0.0375
48 0.74296875 0.4859375 0.0328125 0.03671875
34 0.8296875 0.48671875 0.03203125 0.0390625
58 0.875 0.4890625 0.03046875 0.03828125
37 0.91796875 0.4890625 0.034375 0.03984375
11 0.96484375 0.490625 0.03125 0.03828125
40 0.9953125 0.4890625 0.009375 0.0375
8 0.11015625 0.553125 0.02421875 0.03671875
4 0.14375 0.5515625 0.03046875 0.040625
25 0.178125 0.55 0.02890625 0.0390625
5 0.21640625 0.54921875 0.03359375 0.0375
6 0.259375 0.54765625 0.03359375 0.0390625
18 0.29921875 0.5484375 0.03125 0.03828125
15 0.34140625 0.5484375 0.02890625 0.0375
25 0.38359375 0.546875 0.0359375 0.0390625
5 0.42890625 0.54609375 0.0390625 0.0421875
34 0.51640625 0.54375 0.03671875 0.03828125
58 0.56328125 0.5453125 0.02734375 0.034375
37 0.6109375 0.54296875 0.034375 0.03828125
11 0.65390625 0.54296875 0.034375 0.0359375
44 0.71484375 0.5421875 0.03125 0.03515625
7 0.74453125 0.54296875 0.0328125 0.03203125
37 0.83671875 0.54453125 0.0328125 0.03828125
1 0.9234375 0.54609375 0.03203125 0.03828125
48 0.9703125 0.5453125 0.0375 0.03984375
62 0.0984375 0.60625 0.02578125 0.0328125
10 0.13203125 0.60625 0.025 0.034375
62 0.17109375 0.60625 0.0296875 0.03515625
8 0.209375 0.6046875 0.028125 0.03515625
26 0.24921875 0.60625 0.03359375 0.0390625
30 0.33359375 0.603125 0.034375 0.04140625
7 0.3765625 0.6046875 0.0359375 0.0421875
50 0.4671875 0.60234375 0.03515625 0.04140625
34 0.51328125 0.603125 0.03828125 0.03828125
7 0.559375 0.6046875 0.034375 0.03515625
13 0.60546875 0.6015625 0.02890625 0.03984375
62 0.65390625 0.60234375 0.03125 0.040625
48 0.69921875 0.6015625 0.0328125 0.0390625
60 0.7921875 0.60234375 0.03046875 0.034375
7 0.821875 0.60234375 0.0328125 0.0359375
61 0.8796875 0.6015625 0.03828125 0.0390625
36 0.9328125 0.60078125 0.0359375 0.0375
27 0.97890625 0.60078125 0.03515625 0.03984375
25 0.07421875 0.6640625 0.0359375 0.04140625
5 0.11796875 0.66484375 0.0328125 0.04375
25 0.15078125 0.66328125 0.034375 0.04140625
34 0.19453125 0.66484375 0.03828125 0.040625
39 0.23828125 0.66484375 0.03359375 0.03984375
18 0.32734375 0.66484375 0.0390625 0.04375
62 0.375 0.6640625 0.03203125 0.03984375
40 0.41875 0.6625 0.0328125 0.03828125
7 0.4640625 0.6640625 0.03359375 0.04140625
30 0.5125 0.6640625 0.03359375 0.040625
60 0.61015625 0.6640625 0.04140625 0.040625
7 0.65234375 0.665625 0.03359375 0.0375
28 0.7015625 0.6625 0.0375 0.03828125
34 0.75 0.6625 0.0375 0.0390625
24 0.796875 0.6625 0.034375 0.03984375
1 0.84296875 0.6609375 0.0390625 0.0421875
9 0.89140625 0.66171875 0.03359375 0.04453125
1 0.9359375 0.6609375 0.0359375 0.04375
45 0.98359375 0.65859375 0.0328125 0.0421875