13 0.13203125 0.81953125 0.03671875 0.07578125
13 0.278125 0.80390625 0.03359375 0.05078125
13 0.57109375 0.83671875 0.0234375 0.04921875
13 0.8359375 0.68125 0.02578125 0.05625
21 0.69765625 0.70390625 0.025 0.05859375
13 0.66953125 0.7046875 0.02578125 0.05703125
13 0.5140625 0.71875 0.028125 0.0546875
13 0.48046875 0.78671875 0.03359375 0.05703125
21 0.54140625 0.7765625 0.02734375 0.05703125
13 0.634375 0.76875 0.02421875 0.05625
13 0.7765625 0.49296875 0.028125 0.05703125
21 0.7109375 0.57265625 0.025 0.05859375
21 0.51796875 0.58046875 0.03125 0.06484375
13 0.26796875 0.590625 0.03828125 0.0609375
13 0.26953125 0.6625 0.03046875 0.04921875
13 0.34140625 0.6578125 0.03515625 0.05546875