13 0.30078125 0.375 0.0296875 0.05390625
21 0.1625 0.375 0.02890625 0.0546875
13 0.47109375 0.37578125 0.028125 0.06015625
13 0.7046875 0.36640625 0.02578125 0.053125
13 0.371875 0.44765625 0.025 0.05234375
13 0.234375 0.4515625 0.02734375 0.05
13 0.10078125 0.45234375 0.0265625 0.05078125
13 0.43828125 0.51796875 0.02578125 0.05703125
13 0.50625 0.5171875 0.02421875 0.053125
13 0.44140625 0.58671875 0.02265625 0.04765625
13 0.21875 0.659375 0.0265625 0.05390625
21 0.68984375 0.63828125 0.02421875 0.04296875
13 0.1171875 0.87734375 0.01953125 0.03828125
13 0.17734375 0.8765625 0.0234375 0.0421875
13 0.2375 0.87421875 0.02109375 0.03984375
21 0.29765625 0.87265625 0.021875 0.0390625
13 0.41640625 0.86875 0.0203125 0.03828125
13 0.125 0.93359375 0.02109375 0.0390625
13 0.4171875 0.92421875 0.02109375 0.03984375
21 0.50546875 0.8640625 0.02265625 0.04453125
56 0.08828125 0.3 0.0328125 0.0578125
22 0.1234375 0.3015625 0.028125 0.05546875
18 0.15859375 0.2984375 0.0265625 0.053125
31 0.0984375 0.37890625 0.03203125 0.05859375
0 0.12890625 0.37734375 0.03125 0.0546875
8 0.23125 0.37109375 0.03046875 0.06015625
11 0.26328125 0.375 0.02578125 0.053125
20 0.33515625 0.37421875 0.0265625 0.053125
7 0.36953125 0.37421875 0.02578125 0.0515625
34 0.4359375 0.37578125 0.02734375 0.059375
61 0.50234375 0.375 0.02734375 0.0578125
36 0.53828125 0.3734375 0.028125 0.05625
27 0.5703125 0.3734375 0.02890625 0.05703125
16 0.6375 0.371875 0.0296875 0.053125
30 0.66953125 0.36875 0.028125 0.05703125
62 0.7359375 0.3671875 0.02890625 0.0546875
48 0.765625 0.36875 0.025 0.053125
30 0.0359375 0.45234375 0.03359375 0.0609375
7 0.06796875 0.45078125 0.02734375 0.05546875
50 0.13671875 0.45078125 0.02734375 0.05390625
34 0.16875 0.45078125 0.0296875 0.053125
7 0.203125 0.45078125 0.02734375 0.0515625
53 0.2703125 0.453125 0.0265625 0.05625
16 0.3375 0.45 0.02890625 0.053125
55 0.40546875 0.44921875 0.0265625 0.05234375
48 0.4375 0.44921875 0.0296875 0.053125
37 0.50390625 0.44765625 0.03046875 0.05703125
34 0.5375 0.44765625 0.02578125 0.0546875
49 0.56875 0.44609375 0.02734375 0.05234375
37 0.6359375 0.4453125 0.0265625 0.05234375
25 0.665625 0.4453125 0.02578125 0.05546875
37 0.69921875 0.44140625 0.02734375 0.05703125
19 0.73125 0.44140625 0.02578125 0.053125
56 0.0453125 0.5234375 0.02890625 0.059375
0 0.0765625 0.5234375 0.02890625 0.0546875
19 0.1078125 0.5265625 0.02734375 0.05546875
62 0.1734375 0.52421875 0.02734375 0.04921875
26 0.20859375 0.52265625 0.0296875 0.053125
34 0.27578125 0.521875 0.028125 0.05546875
58 0.30703125 0.51953125 0.02890625 0.05546875
53 0.34140625 0.52265625 0.0296875 0.059375
16 0.4046875 0.52265625 0.02890625 0.05546875
44 0.4734375 0.51484375 0.02578125 0.05625
7 0.53671875 0.5171875 0.02578125 0.05546875
28 0.56875 0.51640625 0.0265625 0.05078125
9 0.59921875 0.51640625 0.02578125 0.0546875
1 0.63203125 0.5140625 0.0234375 0.05078125
45 0.66328125 0.51484375 0.025 0.0546875
47 0.69609375 0.5125 0.02890625 0.05078125
31 0.11640625 0.5890625 0.0296875 0.05703125
56 0.14921875 0.59296875 0.0265625 0.05390625
0 0.18046875 0.59453125 0.0265625 0.0515625
19 0.2125 0.59296875 0.02578125 0.0515625
62 0.2765625 0.590625 0.02734375 0.05
26 0.31171875 0.59140625 0.028125 0.05078125
34 0.37578125 0.5890625 0.02421875 0.046875
58 0.4109375 0.58671875 0.0265625 0.0515625
8 0.47265625 0.58671875 0.02421875 0.05
26 0.5046875 0.5859375 0.0265625 0.05078125
62 0.56796875 0.58359375 0.02421875 0.04765625
15 0.5984375 0.5828125 0.0265625 0.0484375
37 0.63046875 0.58203125 0.025 0.046875
28 0.69140625 0.5765625 0.02421875 0.05078125
34 0.72265625 0.5734375 0.025 0.04609375
10 0.059375 0.66171875 0.0234375 0.0484375
15 0.08984375 0.66171875 0.0234375 0.0484375
5 0.12265625 0.659375 0.021875 0.0453125
62 0.153125 0.6609375 0.02421875 0.04765625
34 0.1859375 0.65859375 0.0234375 0.0453125
1 0.24921875 0.659375 0.02109375 0.0453125
30 0.28203125 0.65859375 0.0234375 0.0453125
28 0.34609375 0.65625 0.021875 0.04765625
9 0.3796875 0.65546875 0.02265625 0.04765625
47 0.41015625 0.653125 0.025 0.0484375
28 0.44296875 0.65390625 0.0234375 0.04453125
33 0.4734375 0.6515625 0.0203125 0.04140625
40 0.50546875 0.65078125 0.02265625 0.046875
25 0.5671875 0.6484375 0.02421875 0.04453125
1 0.59609375 0.64765625 0.02421875 0.0515625
38 0.6265625 0.64453125 0.02734375 0.04375
62 0.6578125 0.6421875 0.0234375 0.04296875
45 0.71875 0.6375 0.02109375 0.04296875
47 0.74609375 0.6359375 0.02265625 0.04375
31 0.140625 0.8171875 0.021875 0.04453125
7 0.16953125 0.81640625 0.02265625 0.03828125
36 0.20234375 0.8171875 0.0234375 0.04375
7 0.23203125 0.81484375 0.02109375 0.0421875
5 0.26171875 0.815625 0.02265625 0.0421875
62 0.290625 0.8140625 0.0234375 0.0421875
13 0.321875 0.81484375 0.0234375 0.0421875
25 0.35390625 0.8125 0.0203125 0.04140625
37 0.38359375 0.8125 0.02265625 0.0421875
56 0.44453125 0.809375 0.02421875 0.04375
0 0.47265625 0.80703125 0.01953125 0.04140625
19 0.5046875 0.8046875 0.02109375 0.040625
62 0.56484375 0.79921875 0.02109375 0.0453125
26 0.59296875 0.7984375 0.021875 0.0421875
62 0.65078125 0.7921875 0.02265625 0.04375
26 0.6796875 0.78984375 0.021875 0.03984375
58 0.759375 0.77890625 0.01875 0.03828125
21 0.7859375 0.7734375 0.02109375 0.04296875
45 0.72578125 0.8875 0.0171875 0.04140625
47 0.75078125 0.884375 0.02109375 0.0375
47 0.675 0.8875 0.01875 0.03828125
28 0.64609375 0.903125 0.021875 0.0375
7 0.61875 0.90703125 0.01953125 0.03828125
5 0.590625 0.9109375 0.0203125 0.03984375
61 0.5625 0.9125 0.02109375 0.0375
1 0.5640625 0.86015625 0.02109375 0.04140625
30 0.59375 0.85703125 0.02265625 0.040625
1 0.6203125 0.853125 0.0203125 0.0390625
11 0.6484375 0.85234375 0.01953125 0.040625
61 0.4453125 0.86796875 0.02265625 0.040625
4 0.4765625 0.86640625 0.021875 0.0390625
48 0.50390625 0.91875 0.02265625 0.0375
62 0.4765625 0.9203125 0.0234375 0.03984375
3 0.44765625 0.921875 0.0203125 0.03828125
34 0.38828125 0.86953125 0.0203125 0.0390625
34 0.26953125 0.87265625 0.021875 0.0390625
20 0.32734375 0.87109375 0.0203125 0.0390625
55 0.14921875 0.87734375 0.02265625 0.0390625
16 0.08671875 0.878125 0.021875 0.040625
34 0.096875 0.93203125 0.02265625 0.04140625
61 0.15234375 0.93046875 0.021875 0.0390625
36 0.18515625 0.9296875 0.02265625 0.04140625
27 0.2140625 0.9296875 0.02265625 0.03984375
16 0.27265625 0.92734375 0.0234375 0.04140625
30 0.3015625 0.92421875 0.02421875 0.0390625
61 0.3296875 0.92265625 0.021875 0.03671875
30 0.36015625 0.9234375 0.02265625 0.0375
5 0.75625 0.83671875 0.01796875 0.0359375
25 0.72890625 0.8359375 0.01796875 0.03671875