13 0.86015625 0.4296875 0.059375 0.06875
13 0.44296875 0.57734375 0.05859375 0.07109375
13 0.71171875 0.5671875 0.0546875 0.05703125
42 0.44453125 0.4359375 0.0578125 0.06796875
5 0.5140625 0.43828125 0.05078125 0.06328125
62 0.5859375 0.4390625 0.05 0.0625
43 0.65625 0.4375 0.05390625 0.0609375
34 0.71875 0.434375 0.053125 0.0625
7 0.78984375 0.434375 0.05546875 0.06875
31 0.2390625 0.5828125 0.04609375 0.06328125
30 0.30234375 0.58125 0.0546875 0.06171875
7 0.3671875 0.5765625 0.04765625 0.065625
50 0.509375 0.575 0.05078125 0.06484375
34 0.57109375 0.57265625 0.05078125 0.059375
7 0.64140625 0.5703125 0.05390625 0.06171875
1 0.784375 0.56796875 0.05078125 0.06484375
30 0.85703125 0.56640625 0.05859375 0.06328125
46 0.98203125 0.559375 0.0359375 0.06875
1 0.11640625 0.6703125 0.04140625 0.053125
40 0.178125 0.671875 0.05234375 0.06484375
5 0.2375 0.665625 0.0453125 0.06171875
37 0.3046875 0.66796875 0.05703125 0.065625
62 0.36953125 0.665625 0.053125 0.06484375
28 0.440625 0.665625 0.053125 0.06796875
38 0.5109375 0.66171875 0.04765625 0.0671875
31 0.58203125 0.66171875 0.053125 0.065625
47 0.65078125 0.66015625 0.05078125 0.0640625