13 0.87890625 0.41796875 0.0609375 0.0625
13 0.60546875 0.4296875 0.046875 0.065625
13 0.72265625 0.5328125 0.0515625 0.05703125
21 0.79140625 0.53046875 0.0625 0.0625
46 0.15546875 0.55859375 0.06171875 0.07109375
1 0.22890625 0.5546875 0.05390625 0.06640625
4 0.3 0.553125 0.05546875 0.07109375
16 0.44140625 0.54609375 0.0625 0.06328125
42 0.38671875 0.43359375 0.0671875 0.06796875
46 0.515625 0.54375 0.059375 0.065625
34 0.58203125 0.5375 0.0609375 0.0640625
7 0.65078125 0.53828125 0.06484375 0.078125
58 0.465625 0.43515625 0.046875 0.05859375
42 0.5328125 0.43203125 0.05859375 0.05859375
49 0.67109375 0.42265625 0.0546875 0.0640625
34 0.73359375 0.4234375 0.06328125 0.0609375
7 0.80546875 0.4203125 0.0484375 0.0546875
8 0.52578125 0.71796875 0.0578125 0.0640625
9 0.59765625 0.7203125 0.053125 0.05859375
56 0.74140625 0.71328125 0.04921875 0.0640625
10 0.8125 0.70859375 0.05078125 0.0625
10 0.88515625 0.70703125 0.05703125 0.06796875
61 0.94921875 0.70078125 0.05390625 0.06328125