21 0.37734375 0.309375 0.03046875 0.0390625
13 0.4171875 0.4125 0.034375 0.0375
13 0.25078125 0.41484375 0.0375 0.03984375
13 0.884375 0.4609375 0.03203125 0.03671875
13 0.0890625 0.575 0.03046875 0.0375
13 0.36953125 0.57421875 0.03125 0.03671875
21 0.32890625 0.5203125 0.034375 0.03515625
13 0.71796875 0.628125 0.034375 0.03984375
13 0.84765625 0.62734375 0.034375 0.0421875
13 0.671875 0.51640625 0.03203125 0.0359375
13 0.50078125 0.51953125 0.03515625 0.03671875
13 0.5421875 0.30703125 0.03203125 0.03515625
13 0.846875 0.5703125 0.0328125 0.03828125
18 0.2609375 0.31171875 0.03046875 0.034375
62 0.29765625 0.31015625 0.03125 0.0328125
40 0.33671875 0.31015625 0.03359375 0.0359375
16 0.45859375 0.30859375 0.0328125 0.03515625
30 0.50078125 0.30703125 0.03359375 0.0359375
62 0.58359375 0.30546875 0.03203125 0.034375
48 0.62578125 0.30546875 0.034375 0.034375
16 0.709375 0.30546875 0.03046875 0.03359375
46 0.74921875 0.30625 0.0296875 0.03671875
1 0.83203125 0.30625 0.03046875 0.03515625
15 0.875 0.30625 0.034375 0.0375
16 0.91328125 0.30625 0.03125 0.03515625
4 0.95703125 0.30546875 0.034375 0.034375
16 0.98984375 0.30546875 0.0203125 0.0359375
30 0.25625 0.36328125 0.0296875 0.03515625
61 0.3328125 0.3625 0.03359375 0.03828125
13 0.3765625 0.36015625 0.03046875 0.03359375
55 0.41875 0.35859375 0.03515625 0.03671875
40 0.4609375 0.36015625 0.02890625 0.0359375
62 0.54296875 0.359375 0.03203125 0.0375
15 0.584375 0.35859375 0.03125 0.03671875
45 0.62578125 0.3578125 0.03046875 0.03671875
47 0.67109375 0.3578125 0.03359375 0.0375
50 0.29296875 0.41484375 0.03046875 0.0375
34 0.33125 0.4140625 0.03125 0.03359375
7 0.37265625 0.41328125 0.028125 0.03359375
53 0.4578125 0.41171875 0.0328125 0.0375
16 0.540625 0.409375 0.0328125 0.0328125
46 0.5859375 0.409375 0.03125 0.03515625
1 0.6265625 0.409375 0.0296875 0.034375
1 0.67109375 0.40859375 0.02890625 0.03515625
1 0.71171875 0.40703125 0.03046875 0.03515625
30 0.753125 0.40859375 0.0296875 0.03671875
38 0.79453125 0.4078125 0.02890625 0.03828125
31 0.8375 0.40703125 0.03046875 0.0390625
47 0.88046875 0.40859375 0.03203125 0.034375
31 0.13515625 0.4671875 0.03203125 0.04140625
7 0.21171875 0.415625 0.0296875 0.03828125
36 0.17265625 0.46796875 0.03125 0.03515625
49 0.21015625 0.4671875 0.03046875 0.0390625
7 0.24765625 0.46640625 0.03125 0.034375
61 0.3296875 0.465625 0.03515625 0.034375
36 0.371875 0.46640625 0.0359375 0.03671875
51 0.4140625 0.46484375 0.0375 0.0375
5 0.45859375 0.46484375 0.034375 0.03671875
1 0.50078125 0.4625 0.02890625 0.0328125
30 0.5421875 0.4625 0.03046875 0.03671875
1 0.6265625 0.4609375 0.028125 0.03515625
18 0.7125 0.46171875 0.034375 0.034375
49 0.75546875 0.46171875 0.03359375 0.0359375
25 0.79765625 0.4609375 0.028125 0.03359375
54 0.83984375 0.4609375 0.03203125 0.03515625
20 0.928125 0.4609375 0.03046875 0.0359375
45 0.96953125 0.4609375 0.0328125 0.03671875
36 0.18203125 0.3640625 0.03125 0.034375
30 0.175 0.41640625 0.03046875 0.03515625
31 0.13984375 0.4171875 0.03046875 0.0375
31 0.12890625 0.521875 0.0328125 0.03515625
16 0.165625 0.5203125 0.03203125 0.03359375
9 0.20703125 0.5203125 0.03359375 0.034375
8 0.24921875 0.5203125 0.03046875 0.0359375
26 0.2875 0.521875 0.03046875 0.03671875
1 0.4125 0.51796875 0.0328125 0.0359375
11 0.45625 0.51953125 0.03046875 0.03671875
62 0.5421875 0.51796875 0.03515625 0.03984375
34 0.625 0.51640625 0.03828125 0.0375
61 0.7140625 0.51484375 0.0328125 0.0359375
4 0.75703125 0.51484375 0.03125 0.03671875
62 0.796875 0.51484375 0.0328125 0.0359375
48 0.84296875 0.51640625 0.03671875 0.03828125
25 0.93046875 0.5125 0.0359375 0.0390625
36 0.97265625 0.5125 0.0328125 0.0390625
16 0.05546875 0.57578125 0.03203125 0.03515625
55 0.1296875 0.575 0.03515625 0.03515625
40 0.165625 0.57421875 0.0328125 0.034375
62 0.24609375 0.575 0.03515625 0.03515625
15 0.28671875 0.57421875 0.0328125 0.03828125
34 0.32578125 0.575 0.03359375 0.03671875
8 0.45625 0.5734375 0.03359375 0.03671875
30 0.5 0.57421875 0.03515625 0.03828125
33 0.53984375 0.5734375 0.0328125 0.03671875
18 0.584375 0.57421875 0.034375 0.04140625
15 0.62890625 0.57265625 0.03359375 0.0375
45 0.67421875 0.571875 0.034375 0.03671875
1 0.75859375 0.571875 0.03359375 0.03671875
11 0.8015625 0.57109375 0.03125 0.03828125
16 0.93203125 0.57109375 0.03671875 0.03984375
11 0.97578125 0.56875 0.03125 0.03828125
13 0.2 0.6296875 0.03046875 0.0375
49 0.16171875 0.628125 0.02890625 0.0375
20 0.12109375 0.62890625 0.02734375 0.03671875
15 0.0859375 0.628125 0.028125 0.0359375
10 0.0515625 0.62734375 0.0296875 0.0390625
16 0.2828125 0.62890625 0.03515625 0.0359375
13 0.32421875 0.62890625 0.0328125 0.0390625
42 0.36953125 0.63046875 0.03203125 0.03828125
6 0.41015625 0.6296875 0.0328125 0.0359375
34 0.49765625 0.62890625 0.03671875 0.0359375
4 0.540625 0.62890625 0.03828125 0.0390625
61 0.58359375 0.628125 0.03359375 0.0359375
30 0.63046875 0.62890625 0.0359375 0.0375
3 0.7609375 0.6265625 0.0328125 0.03828125
61 0.8046875 0.6265625 0.03515625 0.03984375
25 0.93671875 0.6234375 0.0359375 0.03984375
1 0.97890625 0.62421875 0.03125 0.0390625
31 0.11875 0.68359375 0.03125 0.03984375
28 0.15546875 0.68515625 0.03046875 0.04140625
7 0.19609375 0.6859375 0.03359375 0.04296875
61 0.2796875 0.68515625 0.03515625 0.0375
36 0.3234375 0.68671875 0.03203125 0.0390625
7 0.36484375 0.68671875 0.0328125 0.0390625
5 0.409375 0.68671875 0.03359375 0.04140625
47 0.4546875 0.6859375 0.03203125 0.0375
61 0.49609375 0.6859375 0.03828125 0.04140625
4 0.5421875 0.6859375 0.034375 0.040625
62 0.58515625 0.684375 0.03828125 0.040625
45 0.628125 0.684375 0.0359375 0.0421875
47 0.67578125 0.68203125 0.03515625 0.0421875