13 0.33671875 0.2296875 0.028125 0.06171875
13 0.18828125 0.22421875 0.0265625 0.0546875
21 0.4875 0.2328125 0.028125 0.0546875
13 0.153125 0.30546875 0.0234375 0.05625
13 0.265625 0.396875 0.03359375 0.07109375
21 0.6328125 0.40078125 0.02890625 0.053125
13 0.70546875 0.4 0.0265625 0.0515625
21 0.05 0.465625 0.0296875 0.06328125
21 0.11953125 0.46640625 0.02734375 0.05859375
13 0.228125 0.47265625 0.025 0.05703125
13 0.44765625 0.5578125 0.0234375 0.05625
13 0.953125 0.56015625 0.028125 0.05078125
13 0.73359375 0.71640625 0.02109375 0.04375
21 0.37578125 0.790625 0.02421875 0.0484375
56 0.075 0.13515625 0.02890625 0.06796875
0 0.11328125 0.13828125 0.02890625 0.06796875
62 0.15 0.13984375 0.03125 0.07265625
31 0.08046875 0.22109375 0.03046875 0.0546875
7 0.14921875 0.2234375 0.02734375 0.06171875
30 0.11484375 0.221875 0.025 0.04921875
50 0.22734375 0.22265625 0.0296875 0.059375
34 0.26171875 0.22578125 0.03203125 0.0578125
7 0.2984375 0.22734375 0.02890625 0.0578125
28 0.41328125 0.23046875 0.02421875 0.053125
9 0.44921875 0.23046875 0.02578125 0.05234375
1 0.52421875 0.2328125 0.0265625 0.05625
30 0.5640625 0.2328125 0.025 0.05703125
10 0.6375 0.23671875 0.028125 0.06015625
15 0.675 0.23515625 0.02734375 0.0578125
20 0.71171875 0.2359375 0.02734375 0.05625
49 0.7515625 0.23671875 0.02734375 0.05703125
16 0.7875 0.23671875 0.0265625 0.05390625
30 0.82578125 0.2375 0.02890625 0.0578125
1 0.86328125 0.23671875 0.02890625 0.05859375
10 0.93671875 0.23828125 0.03203125 0.05703125
48 0.97109375 0.2390625 0.02578125 0.05625
22 0.025 0.303125 0.0234375 0.05078125
46 0.0484375 0.30390625 0.02578125 0.05234375
13 0.08046875 0.30390625 0.03046875 0.05703125
3 0.190625 0.30625 0.025 0.04921875
40 0.228125 0.30703125 0.028125 0.05078125
25 0.26640625 0.31015625 0.02421875 0.05234375
37 0.3015625 0.31015625 0.02734375 0.053125
38 0.33828125 0.3109375 0.02578125 0.05234375
31 0.378125 0.3125 0.02578125 0.05390625
47 0.4125 0.31328125 0.0265625 0.0515625
31 0.0859375 0.384375 0.0296875 0.05703125
36 0.1203125 0.38828125 0.0296875 0.0609375
49 0.15546875 0.38671875 0.028125 0.05703125
7 0.190625 0.38828125 0.02890625 0.06171875
3 0.30234375 0.39296875 0.02421875 0.05234375
5 0.3375 0.39296875 0.025 0.05390625
45 0.3765625 0.39453125 0.0265625 0.05234375
57 0.45 0.4 0.02734375 0.05546875
9 0.48671875 0.39921875 0.025 0.05390625
25 0.52265625 0.3984375 0.02421875 0.0515625
34 0.56015625 0.39921875 0.02578125 0.05234375
39 0.59609375 0.3984375 0.02734375 0.0515625
3 0.7453125 0.40078125 0.02421875 0.05078125
62 0.7828125 0.40078125 0.02265625 0.0484375
48 0.81796875 0.4015625 0.02421875 0.05078125
16 0.015625 0.46640625 0.02734375 0.06015625
10 0.084375 0.4671875 0.0265625 0.0640625
11 0.15546875 0.46953125 0.02578125 0.0546875
61 0.1921875 0.47265625 0.02578125 0.05703125
62 0.26484375 0.475 0.02578125 0.05625
36 0.33984375 0.47421875 0.02734375 0.0546875
7 0.37578125 0.47734375 0.02578125 0.05859375
28 0.41171875 0.478125 0.02734375 0.05390625
62 0.44921875 0.47734375 0.0234375 0.053125
48 0.48515625 0.478125 0.028125 0.053125
16 0.559375 0.478125 0.02890625 0.05390625
46 0.59453125 0.48046875 0.02421875 0.0546875
48 0.6328125 0.478125 0.025 0.0515625
10 0.70390625 0.48203125 0.028125 0.0609375
15 0.74296875 0.48125 0.025 0.05625
20 0.77890625 0.4796875 0.0265625 0.05390625
49 0.8125 0.48046875 0.02734375 0.05546875
53 0.85 0.48203125 0.025 0.05390625
56 0.02109375 0.54296875 0.02734375 0.06328125
0 0.0515625 0.54375 0.02734375 0.0640625
11 0.08828125 0.5453125 0.03125 0.06328125
18 0.11875 0.5515625 0.025 0.0578125
18 0.1546875 0.5515625 0.02734375 0.0578125
18 0.1921875 0.5515625 0.02578125 0.04921875
16 0.22734375 0.553125 0.025 0.04921875
10 0.26484375 0.5546875 0.02265625 0.0515625
7 0.3015625 0.55546875 0.02109375 0.046875
28 0.37578125 0.55546875 0.025 0.0515625
62 0.4125 0.5578125 0.0234375 0.05078125
61 0.51953125 0.5578125 0.025 0.0515625
36 0.55625 0.55859375 0.02421875 0.05
16 0.590625 0.559375 0.0234375 0.04765625
30 0.62734375 0.559375 0.0234375 0.05078125
5 0.6640625 0.5578125 0.02265625 0.04609375
5 0.77421875 0.559375 0.02109375 0.046875
2 0.8453125 0.5609375 0.025 0.05078125
40 0.8796875 0.56171875 0.02578125 0.05078125
34 0.91640625 0.56015625 0.0265625 0.0484375
1 0.98515625 0.5609375 0.02421875 0.0515625
8 0.02265625 0.6234375 0.02265625 0.05078125
30 0.05546875 0.6265625 0.02734375 0.053125
11 0.090625 0.6265625 0.02578125 0.0515625
7 0.12109375 0.62734375 0.02265625 0.04765625
28 0.1578125 0.63046875 0.028125 0.0546875
31 0.090625 0.70390625 0.02421875 0.0546875
47 0.228125 0.63203125 0.02734375 0.05625
32 0.12578125 0.70234375 0.025 0.05546875
7 0.15859375 0.70625 0.0234375 0.0546875
34 0.23125 0.71171875 0.02265625 0.0484375
54 0.2671875 0.7140625 0.02734375 0.0546875
8 0.30234375 0.7125 0.02578125 0.05390625
7 0.3265625 0.7125 0.021875 0.05
38 0.37578125 0.7140625 0.02578125 0.05078125
31 0.41171875 0.71484375 0.0234375 0.05
62 0.48203125 0.71484375 0.02734375 0.05078125
9 0.51875 0.7171875 0.025 0.05546875
10 0.590625 0.71875 0.02734375 0.059375
49 0.69609375 0.715625 0.021875 0.046875
20 0.6609375 0.715625 0.0234375 0.04453125
37 0.8046875 0.715625 0.0203125 0.04375
34 0.8375 0.71484375 0.02421875 0.046875
49 0.871875 0.7140625 0.02578125 0.05078125
2 0.940625 0.71484375 0.0234375 0.04921875
48 0.97265625 0.71171875 0.02421875 0.04921875
34 0.0296875 0.778125 0.02265625 0.0484375
41 0.06171875 0.78046875 0.02578125 0.05
28 0.12578125 0.78203125 0.025 0.05234375
28 0.19765625 0.7875 0.02421875 0.04765625
3 0.23125 0.7875 0.0234375 0.046875
62 0.26796875 0.7890625 0.0265625 0.0515625
48 0.303125 0.790625 0.025 0.0484375
1 0.3390625 0.790625 0.0234375 0.04921875
45 0.4109375 0.79140625 0.021875 0.04765625
47 0.446875 0.7921875 0.025 0.04921875
45 0.1953125 0.63125 0.02265625 0.05390625