13 0.47421875 0.20390625 0.04140625 0.0375
13 0.51171875 0.24375 0.0359375 0.03515625
13 0.94140625 0.25390625 0.034375 0.03359375
13 0.46328125 0.28828125 0.03359375 0.03671875
13 0.62734375 0.28359375 0.0390625 0.04375
13 0.7515625 0.33828125 0.04140625 0.03828125
13 0.17109375 0.546875 0.0421875 0.0453125
13 0.28828125 0.60625 0.03984375 0.04296875
21 0.31484375 0.25234375 0.02890625 0.034375
21 0.22578125 0.48984375 0.03515625 0.046875
21 0.0828125 0.60703125 0.04140625 0.046875
21 0.571875 0.5453125 0.04375 0.04296875
21 0.44296875 0.4859375 0.040625 0.046875
51 0.228125 0.18046875 0.034375 0.0359375
8 0.2640625 0.18046875 0.03359375 0.0359375
16 0.21796875 0.21953125 0.0375 0.03515625
0 0.2578125 0.2171875 0.03359375 0.03359375
0 0.29140625 0.21640625 0.0375 0.03359375
28 0.3953125 0.20546875 0.03359375 0.0390625
34 0.4328125 0.20390625 0.03515625 0.03828125
0 0.5140625 0.2046875 0.0328125 0.0390625
5 0.59296875 0.2015625 0.034375 0.0390625
1 0.63046875 0.20234375 0.0328125 0.0359375
4 0.66796875 0.203125 0.0359375 0.03671875
6 0.7078125 0.2046875 0.034375 0.03671875
3 0.7453125 0.20625 0.02890625 0.03125
5 0.7828125 0.20703125 0.03125 0.03515625
38 0.82265625 0.20859375 0.03515625 0.03515625
45 0.86015625 0.21015625 0.034375 0.0359375
18 0.21015625 0.259375 0.03359375 0.0359375
62 0.24765625 0.25703125 0.0265625 0.03359375
40 0.27734375 0.25390625 0.0359375 0.040625
9 0.35234375 0.25234375 0.03203125 0.03984375
46 0.46875 0.2453125 0.03359375 0.0359375
16 0.42734375 0.246875 0.0328125 0.03515625
42 0.58828125 0.24453125 0.034375 0.0328125
59 0.6296875 0.2453125 0.0390625 0.0390625
59 0.709375 0.24765625 0.03125 0.03515625
42 0.66953125 0.24609375 0.03125 0.03515625
25 0.78515625 0.2484375 0.03671875 0.03359375
1 0.8265625 0.25078125 0.0359375 0.03828125
5 0.86328125 0.24765625 0.03359375 0.03671875
3 0.978125 0.25625 0.0328125 0.040625
31 0.19296875 0.3015625 0.03359375 0.03828125
28 0.2296875 0.29921875 0.03125 0.0390625
33 0.265625 0.29921875 0.03359375 0.034375
7 0.30390625 0.29609375 0.034375 0.0359375
30 0.3828125 0.2921875 0.03125 0.0359375
7 0.4234375 0.28984375 0.028125 0.03125
50 0.50546875 0.28671875 0.03125 0.0359375
61 0.5453125 0.28828125 0.03125 0.03671875
7 0.58671875 0.28671875 0.0328125 0.034375
1 0.6703125 0.2859375 0.034375 0.03671875
14 0.709375 0.28671875 0.0296875 0.0359375
47 0.7484375 0.28828125 0.03203125 0.03828125
31 0.18515625 0.34765625 0.0328125 0.0375
32 0.221875 0.3453125 0.0328125 0.03515625
7 0.25625 0.3421875 0.03125 0.0375
61 0.3375 0.3375 0.028125 0.03359375
36 0.378125 0.3375 0.03203125 0.03828125
61 0.4171875 0.3375 0.03125 0.03515625
23 0.459375 0.334375 0.03125 0.03828125
28 0.54296875 0.334375 0.03203125 0.03515625
7 0.571875 0.334375 0.0265625 0.03359375
0 0.64140625 0.33515625 0.03046875 0.0328125
30 0.66953125 0.33515625 0.02734375 0.03515625
3 0.79296875 0.33828125 0.0328125 0.03359375
5 0.834375 0.33828125 0.03125 0.03671875
3 0.87578125 0.3390625 0.025 0.0328125
5 0.9171875 0.33984375 0.028125 0.0359375
31 0.959375 0.34140625 0.034375 0.03671875
47 0.99140625 0.34140625 0.0171875 0.0359375
28 0.17421875 0.39375 0.03359375 0.0375
25 0.20546875 0.39296875 0.0296875 0.034375
16 0.24765625 0.38828125 0.03046875 0.03203125
37 0.28828125 0.3875 0.0328125 0.0359375
62 0.36796875 0.384375 0.03125 0.0359375
30 0.409375 0.38359375 0.0296875 0.03515625
7 0.43828125 0.384375 0.0265625 0.034375
11 0.50859375 0.3828125 0.0296875 0.03515625
11 0.453125 0.384375 0.0296875 0.03515625
27 0.540625 0.38203125 0.0265625 0.03359375
7 0.5671875 0.3828125 0.0328125 0.03515625
11 0.59921875 0.38203125 0.03046875 0.03203125
1 0.66875 0.38359375 0.028125 0.034375
36 0.7109375 0.38359375 0.0328125 0.0375
25 0.73828125 0.38203125 0.03203125 0.0359375
62 0.8359375 0.38515625 0.034375 0.0375
15 0.88046875 0.3875 0.03359375 0.0390625
23 0.96484375 0.38828125 0.034375 0.040625
61 0.99453125 0.3890625 0.0109375 0.03125
42 0.0890625 0.44765625 0.0375 0.0390625
43 0.1234375 0.44609375 0.03046875 0.03828125
1 0.1609375 0.44375 0.0328125 0.040625
16 0.19609375 0.43984375 0.0359375 0.03984375
30 0.2359375 0.4390625 0.0296875 0.03828125
28 0.27578125 0.4390625 0.03203125 0.03828125
3 0.3171875 0.4375 0.0359375 0.0421875
5 0.3609375 0.43515625 0.03046875 0.03828125
38 0.40390625 0.4328125 0.03203125 0.03671875
45 0.44609375 0.4328125 0.0328125 0.0390625
31 0.14453125 0.4953125 0.03125 0.0390625
62 0.1859375 0.4890625 0.03203125 0.03671875
8 0.26796875 0.4890625 0.02890625 0.0390625
30 0.30546875 0.48828125 0.03515625 0.03828125
62 0.35234375 0.48671875 0.03359375 0.03828125
61 0.39453125 0.48828125 0.034375 0.0390625
1 0.52890625 0.48671875 0.0390625 0.03984375
41 0.5765625 0.4859375 0.03125 0.03671875
7 0.62265625 0.484375 0.0265625 0.03359375
5 0.665625 0.4859375 0.0296875 0.0359375
25 0.71328125 0.48359375 0.03125 0.0390625
60 0.75703125 0.48515625 0.03203125 0.0375
24 0.80234375 0.4875 0.03203125 0.0390625
16 0.8890625 0.4875 0.0359375 0.0390625
4 0.93828125 0.4890625 0.0296875 0.0390625
16 0.97734375 0.48984375 0.02890625 0.03671875
8 0.0640625 0.5515625 0.028125 0.03828125
30 0.09453125 0.55078125 0.03125 0.0390625
27 0.13046875 0.55078125 0.02890625 0.0390625
20 0.21328125 0.54609375 0.03671875 0.0375
45 0.25390625 0.54609375 0.02890625 0.03984375
18 0.3421875 0.54453125 0.034375 0.046875
9 0.3859375 0.54453125 0.03359375 0.04296875
37 0.43359375 0.54453125 0.03359375 0.04296875
19 0.48046875 0.5421875 0.03203125 0.040625
1 0.52578125 0.54140625 0.03515625 0.0390625
13 0.665625 0.54453125 0.03671875 0.046875
3 0.71484375 0.54453125 0.03359375 0.04296875
62 0.759375 0.54375 0.0375 0.0421875
48 0.8078125 0.54375 0.034375 0.04140625
22 0.9125 0.54609375 0.028125 0.04375
46 0.94609375 0.5453125 0.04296875 0.0453125
16 0.0390625 0.6078125 0.04140625 0.04375
11 0.1203125 0.609375 0.02890625 0.04375
10 0.1578125 0.60546875 0.03203125 0.04609375
36 0.203125 0.60546875 0.0375 0.04375
34 0.24453125 0.60546875 0.0328125 0.04140625
45 0.33203125 0.60546875 0.034375 0.0375
47 0.378125 0.60703125 0.03671875 0.0453125
42 0.08515625 0.66953125 0.03359375 0.040625
0 0.11796875 0.66640625 0.025 0.04375
27 0.14140625 0.66796875 0.03203125 0.04296875
8 0.18671875 0.66796875 0.02890625 0.046875
37 0.2328125 0.66640625 0.03984375 0.0484375
8 0.32421875 0.665625 0.0375 0.0453125
11 0.37265625 0.6671875 0.0375 0.0453125
18 0.41875 0.6671875 0.040625 0.04453125
15 0.46796875 0.66875 0.03984375 0.04765625
3 0.51875 0.66953125 0.03828125 0.04921875
5 0.56796875 0.6703125 0.03984375 0.04765625
38 0.61796875 0.66875 0.03828125 0.05
45 0.665625 0.67109375 0.04296875 0.05