13 0.39296875 0.5203125 0.03671875 0.0359375
13 0.7609375 0.521875 0.0296875 0.03671875
13 0.1921875 0.56953125 0.03515625 0.03828125
13 0.4375 0.6140625 0.02734375 0.03125
21 0.8359375 0.6140625 0.02890625 0.0359375
13 0.20703125 0.709375 0.03203125 0.03515625
13 0.08515625 0.7125 0.03515625 0.0375
56 0.1390625 0.471875 0.0421875 0.03828125
0 0.18359375 0.47109375 0.03828125 0.03671875
10 0.22421875 0.471875 0.0375 0.0375
31 0.14609375 0.51953125 0.0359375 0.0375
25 0.1875 0.52265625 0.03359375 0.034375
15 0.22734375 0.5203125 0.0359375 0.03671875
33 0.271875 0.5203125 0.034375 0.03515625
16 0.3109375 0.51875 0.03203125 0.03359375
46 0.3515625 0.5203125 0.03203125 0.034375
7 0.43203125 0.51953125 0.03125 0.03515625
28 0.4765625 0.5203125 0.03671875 0.03671875
61 0.51484375 0.51875 0.03828125 0.03828125
30 0.55859375 0.51953125 0.03671875 0.03828125
16 0.63828125 0.52109375 0.03203125 0.034375
41 0.6796875 0.52109375 0.03515625 0.03515625
7 0.72109375 0.521875 0.03046875 0.034375
62 0.80234375 0.52109375 0.0328125 0.0359375
48 0.84140625 0.5203125 0.03046875 0.03515625
61 0.92421875 0.52109375 0.03125 0.03828125
36 0.9625 0.51953125 0.02890625 0.03203125
27 0.99140625 0.51953125 0.0171875 0.0328125
61 0.0640625 0.5703125 0.0359375 0.0359375
30 0.1078125 0.56953125 0.034375 0.034375
7 0.15078125 0.56953125 0.028125 0.034375
8 0.27265625 0.56796875 0.03515625 0.0328125
30 0.31484375 0.56796875 0.03359375 0.03671875
30 0.35390625 0.56796875 0.0296875 0.03359375
49 0.39375 0.56875 0.03125 0.03515625
53 0.43515625 0.5671875 0.03046875 0.034375
10 0.51640625 0.56875 0.0296875 0.0359375
30 0.5578125 0.56875 0.03125 0.03671875
25 0.5984375 0.56796875 0.03046875 0.03515625
54 0.63671875 0.56875 0.0328125 0.03671875
48 0.6796875 0.56796875 0.03125 0.03515625
25 0.0765625 0.61796875 0.03125 0.034375
31 0.115625 0.61640625 0.03359375 0.03828125
9 0.15625 0.6171875 0.03125 0.03671875
14 0.19609375 0.61484375 0.03046875 0.0359375
49 0.23671875 0.6140625 0.0328125 0.0390625
25 0.278125 0.6140625 0.03515625 0.03984375
54 0.31875 0.615625 0.0328125 0.03515625
47 0.35859375 0.6140625 0.03203125 0.0390625
61 0.3984375 0.6140625 0.03046875 0.03671875
7 0.478125 0.615625 0.028125 0.034375
28 0.51875 0.61484375 0.028125 0.03203125
7 0.55859375 0.6140625 0.02578125 0.02890625
30 0.596875 0.61640625 0.03046875 0.03046875
18 0.6796875 0.61640625 0.028125 0.034375
62 0.71796875 0.61484375 0.03203125 0.0328125
48 0.759375 0.61484375 0.034375 0.03515625
1 0.7984375 0.6140625 0.03125 0.0375
7 0.875 0.615625 0.03046875 0.0359375
10 0.95 0.609375 0.0328125 0.034375
15 0.98671875 0.609375 0.0265625 0.034375
34 0.08046875 0.665625 0.0359375 0.034375
4 0.1203125 0.665625 0.03125 0.03046875
4 0.1609375 0.66484375 0.03046875 0.0328125
15 0.20234375 0.66484375 0.03046875 0.0328125
11 0.2578125 0.6625 0.0265625 0.02890625
44 0.3015625 0.6625 0.0390625 0.034375
1 0.36171875 0.6609375 0.03046875 0.03125
30 0.40234375 0.66171875 0.03515625 0.034375
5 0.59765625 0.6609375 0.03125 0.034375
16 0.67890625 0.6609375 0.02734375 0.0296875
13 0.7171875 0.66171875 0.02734375 0.03125
55 0.7578125 0.66015625 0.03125 0.03359375
14 0.796875 0.65859375 0.03203125 0.03203125
16 0.87421875 0.65703125 0.0296875 0.03046875
12 0.909375 0.65625 0.0296875 0.03125
61 0.9515625 0.65234375 0.02578125 0.0296875
30 0.9828125 0.65234375 0.03046875 0.03203125
3 0.12890625 0.7109375 0.03046875 0.03515625
34 0.17109375 0.7109375 0.03203125 0.0328125
45 0.24765625 0.70859375 0.03125 0.034375
47 0.2890625 0.7078125 0.03046875 0.03359375
11 0.44296875 0.6625 0.0296875 0.03046875
8 0.48203125 0.66171875 0.03046875 0.03671875
26 0.51953125 0.6609375 0.02734375 0.0328125
25 0.55703125 0.6609375 0.028125 0.034375