13 0.58125 0.2375 0.0453125 0.04140625
13 0.94765625 0.25546875 0.03515625 0.0515625
13 0.29140625 0.31796875 0.04140625 0.04375
13 0.47734375 0.3171875 0.0421875 0.0453125
13 0.28671875 0.4328125 0.03828125 0.040625
13 0.84453125 0.43125 0.0375 0.03828125
13 0.23671875 0.48984375 0.04375 0.04140625
13 0.66015625 0.490625 0.03203125 0.03828125
21 0.42109375 0.55078125 0.03671875 0.04453125
13 0.18515625 0.55 0.03359375 0.0375
13 0.3671875 0.6703125 0.03984375 0.040625
42 0.30546875 0.23125 0.03671875 0.0421875
5 0.35390625 0.2328125 0.0328125 0.03671875
62 0.3984375 0.2328125 0.03203125 0.04140625
43 0.44609375 0.23515625 0.0359375 0.040625
34 0.4875 0.23671875 0.0375 0.040625
7 0.53125 0.2359375 0.0375 0.0421875
42 0.8078125 0.25078125 0.04140625 0.04453125
58 0.85234375 0.25390625 0.03046875 0.03984375
42 0.89375 0.25390625 0.03671875 0.04375
49 0.9828125 0.253125 0.034375 0.04375
31 0.15625 0.31875 0.0375 0.04453125
30 0.20546875 0.31953125 0.0390625 0.04140625
7 0.24765625 0.3203125 0.0359375 0.03984375
50 0.33984375 0.31796875 0.0390625 0.03984375
34 0.38203125 0.31953125 0.04296875 0.04140625
7 0.4296875 0.3203125 0.0390625 0.04453125
1 0.52421875 0.31875 0.034375 0.04140625
30 0.56953125 0.31796875 0.0359375 0.04453125
46 0.65859375 0.31875 0.03671875 0.04609375
1 0.70390625 0.31875 0.0328125 0.040625
4 0.7515625 0.321875 0.034375 0.04140625
16 0.8359375 0.32421875 0.0390625 0.0421875
46 0.8828125 0.321875 0.034375 0.04453125
34 0.92421875 0.3234375 0.03828125 0.0375
7 0.971875 0.3265625 0.03359375 0.04140625
1 0.06953125 0.38125 0.0328125 0.040625
40 0.1140625 0.37890625 0.03359375 0.040625
5 0.15703125 0.3765625 0.03359375 0.03828125
37 0.19921875 0.3765625 0.03515625 0.0375
62 0.24609375 0.37578125 0.03203125 0.0359375
28 0.290625 0.3734375 0.03515625 0.04140625
38 0.33671875 0.3734375 0.03671875 0.04140625
31 0.38203125 0.3734375 0.034375 0.0421875
47 0.428125 0.3734375 0.034375 0.03828125
31 0.1515625 0.43359375 0.0390625 0.0421875
28 0.19609375 0.4328125 0.03359375 0.040625
62 0.240625 0.43359375 0.034375 0.04296875
7 0.334375 0.43125 0.03125 0.03828125
61 0.42578125 0.43125 0.03671875 0.0390625
36 0.47578125 0.4296875 0.03515625 0.0421875
61 0.521875 0.43125 0.0359375 0.040625
58 0.56796875 0.43046875 0.0296875 0.040625
28 0.65859375 0.42890625 0.03203125 0.0375
62 0.70625 0.43125 0.034375 0.040625
13 0.753125 0.43046875 0.03359375 0.04140625
34 0.7953125 0.43125 0.03359375 0.0390625
8 0.8875 0.43359375 0.03671875 0.04296875
9 0.9328125 0.4328125 0.034375 0.04453125
16 0.05390625 0.49453125 0.04140625 0.04453125
46 0.1015625 0.4921875 0.03671875 0.04375
34 0.14375 0.4921875 0.040625 0.03828125
7 0.1875 0.4921875 0.03828125 0.0421875
34 0.32890625 0.4921875 0.04375 0.04140625
4 0.3796875 0.4921875 0.0375 0.040625
49 0.4234375 0.48984375 0.03203125 0.03984375
18 0.521875 0.48828125 0.03203125 0.03984375
62 0.56484375 0.4875 0.03515625 0.034375
34 0.61171875 0.48984375 0.03515625 0.040625
45 0.70546875 0.48984375 0.03671875 0.03828125
47 0.75703125 0.490625 0.034375 0.03828125
31 0.140625 0.5515625 0.0328125 0.040625
7 0.23125 0.55078125 0.03671875 0.04140625
5 0.2828125 0.55 0.034375 0.04140625
47 0.32734375 0.5484375 0.03046875 0.03984375
61 0.3734375 0.54921875 0.0390625 0.03828125
7 0.51796875 0.5515625 0.03671875 0.040625
32 0.5671875 0.54921875 0.03671875 0.04140625
1 0.6140625 0.54921875 0.0328125 0.04140625
30 0.66171875 0.5484375 0.03359375 0.03984375
8 0.7546875 0.5484375 0.0359375 0.03984375
6 0.8015625 0.54765625 0.03359375 0.0359375
37 0.84921875 0.5484375 0.03203125 0.03828125
8 0.9390625 0.55 0.03359375 0.04140625
6 0.984375 0.55078125 0.03125 0.0390625
8 0.04765625 0.61015625 0.03359375 0.04609375
30 0.090625 0.60859375 0.03828125 0.046875
7 0.13203125 0.61015625 0.03515625 0.04375
36 0.1828125 0.61171875 0.03671875 0.046875
61 0.228125 0.6109375 0.034375 0.04296875
21 0.2765625 0.6109375 0.034375 0.040625
3 0.325 0.61015625 0.0359375 0.040625
5 0.3734375 0.60859375 0.0359375 0.04296875
38 0.4203125 0.6078125 0.0359375 0.04296875
45 0.46640625 0.6078125 0.034375 0.0453125
3 0.56484375 0.61015625 0.0375 0.04375
33 0.61640625 0.60859375 0.03984375 0.04375
62 0.66015625 0.609375 0.03671875 0.0421875
11 0.709375 0.61015625 0.03671875 0.0421875
60 0.8078125 0.60859375 0.04140625 0.04375
7 0.84921875 0.609375 0.03828125 0.04609375
28 0.8984375 0.61015625 0.0359375 0.04609375
16 0.9453125 0.61015625 0.0359375 0.0484375
1 0.98671875 0.61015625 0.0265625 0.0421875
60 0.04453125 0.6703125 0.0359375 0.04296875
49 0.0859375 0.66953125 0.0359375 0.04375
60 0.13125 0.6703125 0.03515625 0.03984375
49 0.17421875 0.67109375 0.03828125 0.04296875
7 0.22109375 0.67421875 0.0375 0.0421875
43 0.271875 0.67265625 0.0359375 0.04375
0 0.325 0.6734375 0.03828125 0.0453125
34 0.46171875 0.67109375 0.046875 0.04765625
54 0.515625 0.6703125 0.0375 0.04296875
8 0.5640625 0.6703125 0.040625 0.0484375
11 0.61328125 0.6703125 0.0375 0.04609375
1 0.7078125 0.66796875 0.03203125 0.04453125
15 0.75703125 0.66953125 0.0359375 0.0484375
1 0.80625 0.66875 0.03515625 0.04609375
9 0.85234375 0.66796875 0.03828125 0.0453125
18 0.90078125 0.66796875 0.03359375 0.04296875
15 0.94765625 0.66953125 0.034375 0.0453125
3 0.9890625 0.66875 0.021875 0.040625