13 0.44296875 0.25859375 0.0234375 0.04765625
13 0.15 0.3296875 0.01875 0.04609375
13 0.25234375 0.32578125 0.02265625 0.04609375
13 0.3625 0.3859375 0.021875 0.04609375
13 0.41640625 0.3859375 0.0234375 0.0453125
13 0.128125 0.45078125 0.0203125 0.040625
13 0.4171875 0.44921875 0.021875 0.04375
13 0.52890625 0.44765625 0.02265625 0.046875
13 0.8203125 0.51015625 0.025 0.040625
13 0.64453125 0.5109375 0.0203125 0.046875
13 0.50078125 0.51015625 0.02265625 0.04765625
21 0.2046875 0.51015625 0.021875 0.04140625
13 0.3921875 0.5703125 0.01953125 0.0421875
13 0.73046875 0.571875 0.02421875 0.0453125
13 0.6140625 0.63515625 0.02109375 0.0453125
13 0.15859375 0.62578125 0.02109375 0.04375
13 0.23671875 0.6875 0.02109375 0.0390625
21 0.315625 0.8109375 0.0203125 0.0375
13 0.12109375 0.853125 0.01875 0.0375
13 0.421875 0.8109375 0.02109375 0.0421875
13 0.36875 0.921875 0.025 0.04609375
13 0.2671875 0.91875 0.0203125 0.0453125
13 0.16796875 0.91171875 0.021875 0.04375
56 0.14609375 0.20546875 0.0203125 0.03984375
22 0.17109375 0.203125 0.01953125 0.03828125
62 0.196875 0.2 0.021875 0.0375
31 0.14921875 0.26953125 0.01875 0.03828125
61 0.171875 0.26328125 0.0203125 0.03515625
36 0.1984375 0.265625 0.01953125 0.0421875
7 0.2265625 0.26484375 0.01875 0.0390625
5 0.25078125 0.2625 0.021875 0.04296875
27 0.27734375 0.2609375 0.021875 0.04140625
51 0.31875 0.26015625 0.025 0.0421875
7 0.35859375 0.26015625 0.0234375 0.04609375
28 0.38671875 0.259375 0.021875 0.04453125
27 0.41484375 0.25703125 0.02421875 0.046875
8 0.5 0.2546875 0.02265625 0.04765625
9 0.5296875 0.25546875 0.02109375 0.04296875
1 0.55703125 0.25390625 0.0234375 0.0453125
48 0.58671875 0.25234375 0.02421875 0.04765625
7 0.64609375 0.2515625 0.021875 0.046875
30 0.675 0.2515625 0.021875 0.04609375
2 0.70546875 0.25 0.02421875 0.0453125
21 0.734375 0.25 0.021875 0.04453125
33 0.7625 0.24921875 0.02421875 0.05
48 0.79375 0.2484375 0.02421875 0.04921875
4 0.853125 0.2484375 0.021875 0.04453125
34 0.88203125 0.2484375 0.021875 0.04453125
4 0.91171875 0.24765625 0.021875 0.04453125
31 0.14765625 0.2671875 0.01796875 0.04140625
5 0.10078125 0.33203125 0.01875 0.0421875
1 0.12421875 0.3296875 0.01875 0.03828125
25 0.17421875 0.32734375 0.0203125 0.04609375
37 0.2 0.32734375 0.02265625 0.04453125
34 0.2265625 0.3265625 0.021875 0.04453125
37 0.30390625 0.3234375 0.02265625 0.04453125
3 0.33125 0.32265625 0.0203125 0.04609375
5 0.3609375 0.32265625 0.021875 0.04609375
38 0.38828125 0.321875 0.021875 0.04765625
31 0.415625 0.32109375 0.02265625 0.04921875
47 0.44453125 0.3203125 0.0234375 0.0515625
31 0.1515625 0.390625 0.01953125 0.04140625
18 0.17578125 0.38984375 0.01875 0.040625
15 0.20234375 0.3890625 0.0203125 0.03984375
49 0.22734375 0.3875 0.01953125 0.04140625
25 0.253125 0.3875 0.0203125 0.04375
54 0.2796875 0.38671875 0.02109375 0.04453125
1 0.30625 0.384375 0.01875 0.04375
40 0.3328125 0.3859375 0.02109375 0.0453125
3 0.44453125 0.384375 0.02109375 0.0453125
62 0.471875 0.384375 0.02109375 0.040625
48 0.50078125 0.38515625 0.0234375 0.04609375
10 0.5578125 0.3859375 0.021875 0.04375
15 0.5859375 0.384375 0.021875 0.04296875
20 0.61484375 0.3828125 0.025 0.04609375
49 0.64609375 0.3796875 0.02265625 0.046875
61 0.6734375 0.38203125 0.025 0.0453125
3 0.703125 0.3796875 0.02421875 0.04609375
7 0.7328125 0.38203125 0.021875 0.0484375
40 0.76328125 0.37890625 0.0234375 0.0484375
34 0.10546875 0.45078125 0.01953125 0.0390625
62 0.15390625 0.44765625 0.02109375 0.0359375
25 0.178125 0.44921875 0.0203125 0.04296875
5 0.20234375 0.45 0.0203125 0.04296875
1 0.2546875 0.4484375 0.0203125 0.040625
5 0.28125 0.44765625 0.01953125 0.0390625
8 0.334375 0.44765625 0.0203125 0.04453125
23 0.36328125 0.44765625 0.02265625 0.0453125
7 0.39140625 0.44765625 0.02109375 0.04296875
25 0.4453125 0.4484375 0.021875 0.04375
37 0.4734375 0.44609375 0.0234375 0.04609375
34 0.5015625 0.44765625 0.02109375 0.04140625
37 0.5859375 0.44609375 0.025 0.0453125
3 0.6140625 0.44453125 0.021875 0.04375
1 0.6453125 0.44453125 0.021875 0.04765625
9 0.6734375 0.446875 0.021875 0.053125
1 0.703125 0.44453125 0.02421875 0.04921875
45 0.7328125 0.44453125 0.02421875 0.04609375
10 0.1078125 0.5078125 0.01875 0.0421875
15 0.13125 0.509375 0.01640625 0.03828125
20 0.15546875 0.509375 0.01796875 0.040625
49 0.1796875 0.50625 0.01875 0.04375
25 0.2296875 0.51015625 0.0203125 0.046875
5 0.25625 0.50859375 0.0171875 0.04375
56 0.309375 0.509375 0.01796875 0.04140625
0 0.334375 0.51015625 0.0203125 0.04296875
10 0.36484375 0.509375 0.0203125 0.04609375
19 0.3921875 0.51171875 0.02265625 0.0453125
52 0.41875 0.509375 0.02265625 0.040625
2 0.47421875 0.50859375 0.021875 0.0390625
11 0.53046875 0.51015625 0.021875 0.04453125
7 0.55546875 0.509375 0.021875 0.0453125
30 0.58515625 0.50859375 0.02265625 0.046875
8 0.61328125 0.51015625 0.021875 0.04765625
10 0.67421875 0.50859375 0.02421875 0.04609375
5 0.703125 0.51015625 0.025 0.04375
7 0.73203125 0.5109375 0.0234375 0.04609375
16 0.790625 0.51171875 0.0265625 0.04765625
55 0.8515625 0.50859375 0.025 0.04453125
53 0.87734375 0.5078125 0.0234375 0.0453125
9 0.790625 0.57265625 0.02109375 0.0453125
8 0.7609375 0.57265625 0.02421875 0.04609375
34 0.703125 0.5734375 0.021875 0.0453125
18 0.67265625 0.57421875 0.021875 0.046875
45 0.61328125 0.57109375 0.02109375 0.04453125
30 0.5859375 0.571875 0.021875 0.04296875
1 0.55625 0.5734375 0.0203125 0.04609375
54 0.5296875 0.57109375 0.02109375 0.04375
34 0.50078125 0.56953125 0.02265625 0.0421875
9 0.44609375 0.5703125 0.02109375 0.04453125
37 0.41875 0.56953125 0.02265625 0.04453125
25 0.36484375 0.57109375 0.021875 0.04296875
10 0.33671875 0.57109375 0.02109375 0.040625
0 0.31015625 0.57109375 0.01875 0.0375
56 0.2828125 0.5703125 0.021875 0.040625
30 0.23203125 0.56875 0.02109375 0.04296875
7 0.20625 0.56875 0.01953125 0.0421875
30 0.18125 0.56796875 0.01953125 0.0390625
1 0.15703125 0.56875 0.01796875 0.04140625
39 0.13359375 0.56875 0.01875 0.0390625
25 0.11015625 0.56875 0.01875 0.03828125
30 0.1125 0.625 0.01875 0.03828125
7 0.13515625 0.62578125 0.0171875 0.0390625
50 0.18359375 0.6265625 0.01953125 0.0453125
34 0.20703125 0.6265625 0.021875 0.04453125
44 0.21796875 0.628125 0.0234375 0.04296875
7 0.23203125 0.628125 0.0234375 0.04140625
11 0.24296875 0.6265625 0.01875 0.04140625
13 0.25859375 0.6296875 0.0203125 0.04140625
25 0.28515625 0.628125 0.01953125 0.04296875
33 0.29453125 0.62890625 0.01796875 0.04140625
37 0.31171875 0.63125 0.02265625 0.0421875
34 0.3375 0.62890625 0.021875 0.04609375
44 0.346875 0.63046875 0.01796875 0.03828125
13 0.365625 0.63203125 0.0203125 0.04140625
34 0.35703125 0.6296875 0.0203125 0.040625
11 0.375 0.63203125 0.0171875 0.04296875
0 0.375 0.64375 0.01875 0.03984375
37 0.39296875 0.63125 0.021875 0.0453125
56 0.44609375 0.63359375 0.02265625 0.0453125
0 0.47421875 0.63203125 0.0203125 0.04375
19 0.503125 0.63359375 0.021875 0.0484375
62 0.5578125 0.63359375 0.0234375 0.0515625
26 0.58515625 0.63203125 0.025 0.04765625
7 0.64375 0.6359375 0.02421875 0.05078125
28 0.67265625 0.6359375 0.02109375 0.04453125
61 0.70234375 0.63671875 0.021875 0.0453125
61 0.73046875 0.6359375 0.025 0.04609375
18 0.1140625 0.68359375 0.01875 0.03984375
15 0.1375 0.684375 0.01796875 0.04375
3 0.1625 0.68359375 0.01640625 0.04296875
36 0.1859375 0.684375 0.0203125 0.03984375
62 0.2109375 0.68828125 0.01953125 0.0421875
4 0.284375 0.68671875 0.0234375 0.0453125
34 0.3140625 0.690625 0.021875 0.04140625
4 0.33828125 0.6921875 0.0203125 0.04375
7 0.3671875 0.69296875 0.0203125 0.0421875
40 0.39453125 0.69296875 0.02265625 0.04140625
62 0.44921875 0.69140625 0.02265625 0.0390625
30 0.47421875 0.69296875 0.021875 0.04375
47 0.50546875 0.69375 0.0234375 0.04609375
61 0.53046875 0.69453125 0.02265625 0.040625
30 0.55703125 0.6953125 0.02421875 0.0453125
30 0.61328125 0.69375 0.025 0.05234375
15 0.64453125 0.6984375 0.0234375 0.046875
15 0.67265625 0.6953125 0.02265625 0.0453125
37 0.7015625 0.6984375 0.02734375 0.05078125
0 0.73359375 0.6984375 0.02578125 0.04765625
0 0.73046875 0.76015625 0.0234375 0.04140625
18 0.75859375 0.70078125 0.02421875 0.04609375
8 0.7890625 0.70234375 0.021875 0.04609375
26 0.8171875 0.7 0.02578125 0.05390625
18 0.1171875 0.7421875 0.01953125 0.03984375
26 0.140625 0.7421875 0.0203125 0.03828125
61 0.16328125 0.74140625 0.0203125 0.03984375
32 0.18984375 0.74453125 0.02109375 0.040625
9 0.21328125 0.7453125 0.01875 0.0453125
28 0.2625 0.74609375 0.02265625 0.04609375
45 0.28828125 0.7484375 0.0203125 0.04609375
25 0.3140625 0.7484375 0.01953125 0.04609375
25 0.340625 0.75234375 0.021875 0.04140625
34 0.3671875 0.75078125 0.01875 0.04296875
13 0.39375 0.75234375 0.02109375 0.040625
37 0.4484375 0.75390625 0.0234375 0.0421875
3 0.475 0.7515625 0.02578125 0.04765625
1 0.50390625 0.7546875 0.0234375 0.04921875
61 0.53046875 0.7578125 0.02265625 0.04609375
30 0.55859375 0.75703125 0.02265625 0.04453125
25 0.61484375 0.75703125 0.02265625 0.046875
15 0.64296875 0.76015625 0.025 0.0453125
49 0.67265625 0.759375 0.025 0.04921875
37 0.703125 0.7640625 0.025 0.0484375
18 0.75859375 0.76171875 0.0234375 0.046875
8 0.7875 0.76328125 0.02265625 0.04453125
26 0.815625 0.76328125 0.02421875 0.04453125
1 0.11875 0.79609375 0.01484375 0.0375
57 0.1421875 0.7984375 0.01640625 0.0375
11 0.16484375 0.79921875 0.01796875 0.03828125