13 0.84296875 0.3671875 0.034375 0.0390625
13 0.03203125 0.41640625 0.046875 0.05859375
13 0.578125 0.4765625 0.03828125 0.04140625
13 0.39609375 0.41796875 0.0359375 0.04296875
56 0.14140625 0.284375 0.04921875 0.05234375
0 0.19765625 0.28828125 0.040625 0.04765625
2 0.24921875 0.290625 0.04453125 0.0484375
31 0.13984375 0.35234375 0.034375 0.0375
10 0.19453125 0.35234375 0.0375 0.0453125
15 0.2453125 0.35234375 0.04140625 0.0484375
20 0.29921875 0.3546875 0.03828125 0.0421875
49 0.35078125 0.3546875 0.0359375 0.04453125
48 0.3984375 0.35625 0.03828125 0.0453125
25 0.48828125 0.35703125 0.03984375 0.04375
36 0.540625 0.35859375 0.0390625 0.03984375
25 0.584375 0.35859375 0.03671875 0.03828125
36 0.63046875 0.3609375 0.03359375 0.03984375
7 0.6703125 0.3609375 0.0375 0.04453125
30 0.71484375 0.3609375 0.034375 0.04140625
16 0.80234375 0.36640625 0.03359375 0.0375
55 0.884375 0.36640625 0.034375 0.03828125
40 0.9265625 0.3671875 0.03828125 0.040625
62 0.99609375 0.3671875 0.0078125 0.0375
3 0.0859375 0.415625 0.04609375 0.05390625
62 0.13671875 0.415625 0.04375 0.05
48 0.19296875 0.4171875 0.04375 0.0515625
16 0.2953125 0.41640625 0.04453125 0.0453125
46 0.346875 0.41796875 0.03984375 0.0453125
20 0.44296875 0.41640625 0.0359375 0.0421875
45 0.4890625 0.4171875 0.0359375 0.0421875
47 0.5375 0.4171875 0.0359375 0.03828125
31 0.1375 0.48046875 0.04140625 0.04765625
25 0.1875 0.48046875 0.03984375 0.04609375
36 0.24375 0.47734375 0.03984375 0.046875
25 0.2921875 0.4765625 0.04296875 0.046875
36 0.34296875 0.478125 0.040625 0.046875
7 0.390625 0.47734375 0.0390625 0.04375
30 0.440625 0.47734375 0.0390625 0.0421875
16 0.53046875 0.47890625 0.04296875 0.0453125
55 0.6234375 0.4765625 0.03671875 0.0421875
40 0.66328125 0.47578125 0.03359375 0.0421875
62 0.75 0.47421875 0.03203125 0.03984375
15 0.790625 0.475 0.03125 0.0421875
38 0.83203125 0.47578125 0.03515625 0.04140625
31 0.87109375 0.47578125 0.03359375 0.03828125
47 0.91328125 0.47890625 0.03359375 0.040625
31 0.13515625 0.5390625 0.04765625 0.0546875
36 0.19140625 0.54296875 0.04296875 0.04609375
49 0.24140625 0.5421875 0.04296875 0.0484375
7 0.28984375 0.540625 0.04375 0.04921875
61 0.3875 0.53828125 0.04453125 0.04609375
36 0.43828125 0.53671875 0.0390625 0.04375
8 0.4375 0.55390625 0.03671875 0.0453125
12 0.4375 0.52265625 0.0375 0.0453125
7 0.48203125 0.53671875 0.03828125 0.04453125
58 0.53125 0.53515625 0.03671875 0.040625
16 0.61484375 0.534375 0.03984375 0.04296875
46 0.66171875 0.5328125 0.03203125 0.0421875
40 0.70390625 0.5296875 0.03359375 0.0421875
25 0.78515625 0.52890625 0.03203125 0.04453125
31 0.8265625 0.528125 0.034375 0.040625
18 0.86796875 0.528125 0.0328125 0.03671875
49 0.90859375 0.52890625 0.03359375 0.0375
25 0.95 0.52890625 0.034375 0.03828125
54 0.9859375 0.5296875 0.028125 0.0375
18 0.03046875 0.61171875 0.04375 0.05078125
34 0.08046875 0.6078125 0.04140625 0.0421875
13 0.13359375 0.60703125 0.0390625 0.04296875
45 0.1859375 0.603125 0.040625 0.04296875
47 0.2375 0.60078125 0.04296875 0.0453125