21 0.57109375 0.296875 0.03046875 0.05625
13 0.7953125 0.29375 0.02578125 0.04921875
13 0.22734375 0.36484375 0.03046875 0.05078125
13 0.7140625 0.42265625 0.0265625 0.05703125
13 0.4 0.48984375 0.0296875 0.05625
21 0.484375 0.48828125 0.02890625 0.05859375
13 0.2375 0.55078125 0.02421875 0.04765625
21 0.59765625 0.67421875 0.01875 0.04375
13 0.24375 0.66640625 0.02265625 0.04609375
21 0.19765625 0.659375 0.0203125 0.03828125
13 0.40234375 0.7296875 0.02265625 0.04140625
21 0.78671875 0.78828125 0.02109375 0.04140625
21 0.25390625 0.82890625 0.0203125 0.03515625
56 0.16953125 0.23359375 0.028125 0.0515625
22 0.19609375 0.23359375 0.021875 0.05
8 0.221875 0.23359375 0.021875 0.0453125
31 0.17421875 0.29921875 0.021875 0.04921875
61 0.19609375 0.2984375 0.0234375 0.0453125
36 0.22578125 0.2984375 0.02421875 0.0515625
7 0.25234375 0.2984375 0.02421875 0.0515625
58 0.28125 0.2953125 0.021875 0.05078125
62 0.3375 0.29375 0.025 0.04609375
23 0.36640625 0.29375 0.025 0.046875
22 0.39765625 0.2984375 0.0234375 0.04609375
48 0.42578125 0.29609375 0.02265625 0.04765625