13 0.7171875 0.32578125 0.02421875 0.05234375
13 0.9125 0.3109375 0.021875 0.046875
13 0.1765625 0.44453125 0.02265625 0.04765625
21 0.6515625 0.40859375 0.02421875 0.04765625
13 0.7875 0.46953125 0.02265625 0.04921875
21 0.85390625 0.46484375 0.02265625 0.0515625
13 0.2734375 0.50703125 0.01953125 0.04609375
51 0.10703125 0.30546875 0.02578125 0.0484375
0 0.1359375 0.30625 0.0203125 0.04765625
17 0.16640625 0.3015625 0.02421875 0.04921875
31 0.1140625 0.378125 0.02421875 0.04765625
10 0.1421875 0.37734375 0.02265625 0.0484375
15 0.17265625 0.375 0.02265625 0.04921875
20 0.20390625 0.36953125 0.0203125 0.046875
49 0.234375 0.36796875 0.0203125 0.04765625
48 0.265625 0.365625 0.02421875 0.04921875
28 0.3265625 0.36171875 0.02734375 0.05390625
34 0.3609375 0.36015625 0.021875 0.05
4 0.39140625 0.3578125 0.02578125 0.0453125
61 0.453125 0.35390625 0.02734375 0.053125
30 0.48828125 0.35 0.02421875 0.053125
8 0.51875 0.3484375 0.02421875 0.05234375
28 0.553125 0.3453125 0.025 0.05078125
19 0.584375 0.34375 0.02578125 0.05390625
16 0.64921875 0.33515625 0.02421875 0.05078125
46 0.684375 0.33046875 0.025 0.05
20 0.75 0.32265625 0.02265625 0.053125
45 0.7828125 0.3203125 0.02578125 0.05234375
8 0.85 0.31796875 0.0234375 0.0515625
9 0.88125 0.3171875 0.021875 0.04921875
11 0.94296875 0.3078125 0.021875 0.046875
10 0.0578125 0.45546875 0.02421875 0.05078125
15 0.0875 0.4515625 0.02578125 0.05625
20 0.1171875 0.4484375 0.0203125 0.05234375
49 0.14765625 0.44453125 0.02109375 0.04921875
5 0.2390625 0.43984375 0.02109375 0.04453125
22 0.27109375 0.4390625 0.025 0.05078125
33 0.30234375 0.4359375 0.025 0.0453125
1 0.33046875 0.43125 0.01796875 0.0453125
61 0.35234375 0.43046875 0.0203125 0.04296875
11 0.37421875 0.43125 0.01796875 0.04296875
26 0.39609375 0.428125 0.02265625 0.040625
5 0.45703125 0.425 0.01796875 0.0453125
25 0.48984375 0.42265625 0.0203125 0.040625
1 0.52109375 0.41875 0.021875 0.046875
5 0.553125 0.41640625 0.02421875 0.04921875
47 0.58671875 0.415625 0.021875 0.04375
61 0.61796875 0.41171875 0.02421875 0.04765625
31 0.12265625 0.515625 0.0234375 0.0484375
10 0.15078125 0.51484375 0.02109375 0.04765625
15 0.18203125 0.5140625 0.0234375 0.04765625
20 0.21171875 0.5109375 0.01796875 0.04609375
49 0.24296875 0.50703125 0.02265625 0.0453125
5 0.334375 0.5 0.0203125 0.04453125
16 0.35625 0.5 0.02109375 0.04375
25 0.38828125 0.49765625 0.025 0.0484375
1 0.4296875 0.496875 0.02265625 0.04765625
8 0.4609375 0.49453125 0.02265625 0.04765625
26 0.49296875 0.49140625 0.025 0.04921875
26 0.55625 0.4890625 0.02578125 0.0515625
3 0.5890625 0.484375 0.025 0.05078125
25 0.62265625 0.48203125 0.025 0.053125
39 0.653125 0.48046875 0.0234375 0.0515625
1 0.71875 0.4 0.02109375 0.046875
57 0.75234375 0.39921875 0.02734375 0.053125
11 0.7859375 0.4 0.02265625 0.0546875
25 0.81796875 0.39453125 0.02578125 0.0515625
37 0.85390625 0.39140625 0.02578125 0.053125
31 0.884375 0.38828125 0.0203125 0.0484375
47 0.91328125 0.384375 0.0203125 0.04765625
16 0.71875 0.47421875 0.0265625 0.04921875
27 0.75546875 0.47265625 0.02421875 0.0484375
61 0.81953125 0.4640625 0.02265625 0.04453125
3 0.884375 0.46015625 0.02265625 0.053125
34 0.915625 0.4578125 0.025 0.046875
38 0.94609375 0.4546875 0.02109375 0.0484375
31 0.97265625 0.45078125 0.02109375 0.046875
0 0.065625 0.5890625 0.0203125 0.046875
9 0.096875 0.58828125 0.0203125 0.046875
62 0.15390625 0.58359375 0.02421875 0.053125
44 0.18671875 0.58125 0.025 0.0546875
21 0.21640625 0.57890625 0.02265625 0.05
1 0.246875 0.57578125 0.01953125 0.04921875
30 0.278125 0.575 0.0234375 0.04765625
16 0.33828125 0.5703125 0.02109375 0.04375
61 0.359375 0.56796875 0.02109375 0.04296875
61 0.390625 0.56796875 0.01953125 0.04375
4 0.434375 0.5640625 0.02421875 0.0453125
25 0.465625 0.56484375 0.0234375 0.0453125
5 0.49609375 0.56015625 0.02109375 0.04609375
62 0.55859375 0.55625 0.025 0.04921875
30 0.5921875 0.55625 0.02734375 0.04765625
11 0.62578125 0.5546875 0.0234375 0.04609375
25 0.68984375 0.546875 0.025 0.0515625
4 0.7234375 0.54765625 0.02734375 0.05390625
5 0.07265625 0.6546875 0.0203125 0.04609375
22 0.103125 0.65703125 0.0234375 0.0484375
33 0.1328125 0.65546875 0.02265625 0.04609375
34 0.159375 0.65078125 0.02734375 0.04609375
9 0.190625 0.65 0.02421875 0.05234375
47 0.22109375 0.64609375 0.021875 0.0484375
28 0.2515625 0.6453125 0.0234375 0.0484375
31 0.2828125 0.64296875 0.0234375 0.0484375
45 0.3125 0.64140625 0.025 0.04921875
47 0.34375 0.6390625 0.021875 0.05
59 0.21484375 0.94609375 0.02421875 0.04296875
41 0.2734375 0.94375 0.0234375 0.04609375
8 0.24375 0.94609375 0.0203125 0.04375
1 0.1859375 0.94609375 0.01796875 0.04296875
31 0.15859375 0.94609375 0.02109375 0.040625
1 0.30234375 0.94375 0.0171875 0.03984375
30 0.3328125 0.94375 0.021875 0.04140625
60 0.39453125 0.94375 0.02109375 0.040625
11 0.42578125 0.94140625 0.0234375 0.0390625
25 0.48359375 0.9390625 0.02265625 0.04296875
4 0.515625 0.9390625 0.02265625 0.0453125
5 0.57734375 0.93671875 0.01953125 0.03984375
22 0.60859375 0.93671875 0.02109375 0.0421875
33 0.64140625 0.9359375 0.02109375 0.0421875
5 0.671875 0.93515625 0.01796875 0.04296875
38 0.70546875 0.9359375 0.01953125 0.04296875
45 0.73828125 0.93515625 0.01953125 0.04296875
47 0.7703125 0.93203125 0.02265625 0.046875
44 0.1046875 0.88671875 0.01953125 0.03984375
28 0.1515625 0.88359375 0.02421875 0.04296875
11 0.1828125 0.88359375 0.021875 0.04375
25 0.2390625 0.8796875 0.0203125 0.0421875
4 0.26875 0.88046875 0.021875 0.040625
5 0.32734375 0.8796875 0.01875 0.040625
22 0.35859375 0.878125 0.021875 0.04140625
33 0.390625 0.87578125 0.0203125 0.04140625
61 0.41796875 0.87578125 0.02109375 0.0390625
30 0.45078125 0.87578125 0.02109375 0.03984375
45 0.48046875 0.87578125 0.0203125 0.03828125
47 0.5109375 0.8765625 0.021875 0.0390625
31 0.14765625 0.81796875 0.021875 0.04296875
10 0.175 0.8171875 0.0203125 0.04140625
15 0.2046875 0.815625 0.02265625 0.0453125
20 0.23359375 0.815625 0.01875 0.0453125
49 0.26484375 0.8140625 0.02109375 0.04453125
16 0.32265625 0.8140625 0.025 0.04375
13 0.353125 0.81171875 0.021875 0.04375
55 0.38515625 0.81015625 0.021875 0.04140625
13 0.415625 0.81015625 0.021875 0.04765625
26 0.634375 0.7984375 0.02421875 0.0453125
22 0.5078125 0.80703125 0.02265625 0.04609375
0 0.4859375 0.8078125 0.01796875 0.04375
17 0.69921875 0.79921875 0.021875 0.053125
41 0.7328125 0.79453125 0.0234375 0.0453125
1 0.76328125 0.79609375 0.0203125 0.05078125
30 0.79765625 0.79140625 0.021875 0.04609375
62 0.86171875 0.78203125 0.01953125 0.0421875
8 0.89296875 0.7828125 0.01953125 0.04609375
4 0.92421875 0.778125 0.02109375 0.04375
1 0.953125 0.77265625 0.01953125 0.0421875