13 0.20703125 0.22265625 0.0453125 0.04765625
13 0.85234375 0.325 0.0359375 0.04296875
9 0.94453125 0.328125 0.046875 0.0453125
13 0.8609375 0.440625 0.05390625 0.0484375
13 0.56484375 0.4421875 0.040625 0.04609375
13 0.16484375 0.509375 0.03828125 0.053125
56 0.1765625 0.171875 0.04609375 0.04296875
62 0.21640625 0.1703125 0.05 0.0421875
31 0.16328125 0.22421875 0.05234375 0.05390625
11 0.25 0.22265625 0.0453125 0.0515625
5 0.2921875 0.2203125 0.0453125 0.04609375
62 0.34140625 0.2203125 0.053125 0.0515625
7 0.38203125 0.215625 0.03828125 0.04375
43 0.43203125 0.21796875 0.04296875 0.0515625
27 0.475 0.215625 0.053125 0.05
45 0.52734375 0.215625 0.04765625 0.046875
61 0.61015625 0.21640625 0.04609375 0.04609375
30 0.66171875 0.2171875 0.05234375 0.05625
16 0.71171875 0.215625 0.0453125 0.04453125
18 0.79765625 0.21875 0.04296875 0.046875
15 0.846875 0.2203125 0.0375 0.046875
37 0.8921875 0.2171875 0.04375 0.053125
25 0.9765625 0.2203125 0.0421875 0.04609375
28 0.159375 0.278125 0.03671875 0.040625
25 0.19765625 0.27421875 0.03828125 0.04453125
62 0.37890625 0.27109375 0.0421875 0.04765625
7 0.42265625 0.27109375 0.04765625 0.05390625
37 0.2921875 0.2765625 0.0453125 0.04765625
42 0.24296875 0.27265625 0.0453125 0.0453125
40 0.4734375 0.26875 0.04453125 0.0484375
25 0.56640625 0.2671875 0.0375 0.0453125
14 0.659375 0.26796875 0.0421875 0.0453125
5 0.70859375 0.26796875 0.03984375 0.04375
3 0.75234375 0.26875 0.040625 0.04375
5 0.8015625 0.26953125 0.04453125 0.046875
38 0.8484375 0.2703125 0.03984375 0.046875
45 0.89609375 0.271875 0.03515625 0.0421875
62 0.153125 0.328125 0.03515625 0.04296875
62 0.19375 0.3296875 0.04140625 0.04765625
48 0.2359375 0.33046875 0.034375 0.046875
34 0.32890625 0.325 0.0375 0.046875
30 0.37265625 0.325 0.0421875 0.04765625
11 0.4203125 0.325 0.0390625 0.04609375
7 0.46796875 0.32265625 0.0453125 0.04609375
6 0.5203125 0.32734375 0.04140625 0.0515625
62 0.6140625 0.32421875 0.040625 0.04375
19 0.6625 0.325 0.0375 0.04296875
40 0.709375 0.32578125 0.03671875 0.04453125
22 0.81640625 0.325 0.03359375 0.04453125
16 0.8984375 0.32578125 0.0421875 0.04921875
1 0.98359375 0.3265625 0.0328125 0.04375
25 0.05234375 0.38828125 0.0359375 0.04453125
61 0.09453125 0.38828125 0.04140625 0.04765625
15 0.13828125 0.3890625 0.04140625 0.05078125
1 0.184375 0.3875 0.0453125 0.05078125
11 0.22734375 0.38828125 0.03984375 0.05
28 0.271875 0.3859375 0.04140625 0.04765625
3 0.3203125 0.384375 0.040625 0.0484375
5 0.36953125 0.384375 0.040625 0.05234375
38 0.41875 0.3828125 0.04375 0.05
45 0.46484375 0.38203125 0.0375 0.046875
25 0.125 0.4453125 0.040625 0.04921875
31 0.17421875 0.44453125 0.0453125 0.05078125
8 0.2203125 0.446875 0.0453125 0.0484375
44 0.26875 0.44453125 0.03984375 0.04765625
1 0.31796875 0.44375 0.03984375 0.04765625
45 0.36328125 0.44375 0.03671875 0.04765625
4 0.4625 0.440625 0.040625 0.04921875
7 0.515625 0.44296875 0.034375 0.046875
2 0.6640625 0.440625 0.03828125 0.04765625
15 0.71171875 0.44375 0.040625 0.05625
27 0.765625 0.44296875 0.03984375 0.0546875
17 0.8109375 0.44296875 0.03984375 0.05078125
49 0.909375 0.4421875 0.04296875 0.0515625
34 0.95859375 0.44296875 0.0421875 0.05078125
49 0.9921875 0.44296875 0.015625 0.0515625
13 0.03203125 0.5109375 0.03359375 0.04609375
3 0.075 0.5109375 0.0421875 0.04609375
34 0.11953125 0.509375 0.040625 0.05390625
14 0.21015625 0.509375 0.040625 0.05078125
47 0.26171875 0.5046875 0.046875 0.05
33 0.3125 0.50703125 0.04140625 0.0515625