13 0.53671875 0.3234375 0.02265625 0.0484375
13 0.37578125 0.4015625 0.02421875 0.04609375
13 0.53828125 0.5390625 0.02109375 0.04921875
13 0.24921875 0.6171875 0.0234375 0.0515625
21 0.571875 0.6125 0.02421875 0.053125
21 0.80390625 0.68046875 0.02890625 0.05234375
21 0.87265625 0.678125 0.025 0.05
56 0.115625 0.2625 0.0203125 0.04609375
0 0.1484375 0.26015625 0.02265625 0.04609375
8 0.17890625 0.26015625 0.0234375 0.0515625
31 0.11796875 0.3390625 0.021875 0.04609375
61 0.14921875 0.334375 0.0234375 0.04765625
34 0.1796875 0.33203125 0.02578125 0.05078125
7 0.2140625 0.33203125 0.021875 0.04765625
15 0.24453125 0.33125 0.025 0.0484375
11 0.28828125 0.33125 0.01953125 0.0421875
61 0.34140625 0.32421875 0.01953125 0.040625
57 0.37421875 0.3265625 0.02578125 0.05
49 0.40703125 0.32578125 0.025 0.0484375
34 0.4390625 0.3265625 0.021875 0.046875
49 0.47109375 0.32421875 0.0234375 0.0484375
49 0.50234375 0.32421875 0.0234375 0.04921875
42 0.60078125 0.3203125 0.025 0.04765625
4 0.6328125 0.31953125 0.0234375 0.04609375
6 0.66640625 0.31953125 0.02421875 0.04765625
34 0.7 0.3171875 0.02421875 0.04765625
43 0.73359375 0.315625 0.02578125 0.04609375
25 0.7671875 0.3125 0.0234375 0.04609375
5 0.79921875 0.31328125 0.025 0.0515625
61 0.86328125 0.3109375 0.025 0.05078125
5 0.896875 0.309375 0.021875 0.05
53 0.9296875 0.3109375 0.02578125 0.04921875
8 0.05703125 0.4078125 0.02265625 0.04765625
30 0.0875 0.4078125 0.02265625 0.04765625
1 0.11875 0.40625 0.021875 0.046875
48 0.15078125 0.40625 0.02265625 0.046875
25 0.215625 0.403125 0.021875 0.0484375
15 0.24609375 0.40234375 0.021875 0.04609375
49 0.278125 0.4 0.02109375 0.046875
8 0.31015625 0.4015625 0.0234375 0.04765625
41 0.34296875 0.4015625 0.02265625 0.04453125
23 0.440625 0.396875 0.02421875 0.05
5 0.471875 0.396875 0.0234375 0.04765625
16 0.503125 0.39609375 0.0234375 0.0484375
4 0.53828125 0.39609375 0.02265625 0.04765625
31 0.5703125 0.390625 0.0234375 0.05234375
5 0.6015625 0.39296875 0.0234375 0.0484375
25 0.6359375 0.390625 0.021875 0.046875
5 0.66640625 0.390625 0.0234375 0.04765625
51 0.721875 0.3890625 0.0265625 0.04609375
7 0.75390625 0.38984375 0.02578125 0.0515625
25 0.83203125 0.38203125 0.02734375 0.05625
4 0.86796875 0.38359375 0.02421875 0.046875
37 0.90078125 0.38125 0.02578125 0.053125
5 0.059375 0.48046875 0.025 0.0484375
22 0.0921875 0.47890625 0.02421875 0.04453125
33 0.121875 0.48046875 0.021875 0.04296875
5 0.15078125 0.4765625 0.021875 0.0484375
45 0.1828125 0.4765625 0.021875 0.04375
47 0.21484375 0.475 0.0234375 0.0453125
31 0.121875 0.55 0.02265625 0.0484375
61 0.15078125 0.54609375 0.02265625 0.03984375
36 0.18359375 0.546875 0.02421875 0.04765625
7 0.2140625 0.54765625 0.021875 0.04765625
5 0.24765625 0.5453125 0.021875 0.046875
47 0.2796875 0.5453125 0.0265625 0.05078125
61 0.31171875 0.54375 0.025 0.04609375
4 0.34375 0.54296875 0.02421875 0.04609375
62 0.378125 0.54296875 0.02265625 0.04296875
7 0.40859375 0.54453125 0.0234375 0.04296875
4 0.4734375 0.53984375 0.02265625 0.04453125
7 0.50390625 0.53984375 0.021875 0.046875
62 0.57109375 0.53671875 0.0203125 0.046875
48 0.60390625 0.53671875 0.02578125 0.0515625
10 0.66796875 0.5359375 0.02421875 0.04921875
15 0.70234375 0.53359375 0.021875 0.04609375
20 0.7359375 0.53359375 0.0203125 0.04765625
49 0.76875 0.53125 0.0234375 0.04921875
1 0.83359375 0.53203125 0.02421875 0.0515625
52 0.86953125 0.5296875 0.025 0.04765625
10 0.90078125 0.528125 0.02421875 0.053125
15 0.93515625 0.52734375 0.021875 0.04921875
0 0.96640625 0.52578125 0.02421875 0.046875
60 0.06484375 0.62421875 0.02890625 0.0484375
11 0.09375 0.6265625 0.0265625 0.0515625
25 0.15625 0.61953125 0.02265625 0.04765625
4 0.1859375 0.621875 0.02421875 0.05078125
3 0.28203125 0.61796875 0.02265625 0.04609375
62 0.31328125 0.6171875 0.0234375 0.0484375
48 0.34609375 0.6140625 0.02578125 0.05234375
61 0.4109375 0.6140625 0.02265625 0.05
5 0.44140625 0.61328125 0.025 0.04921875
43 0.4734375 0.6109375 0.025 0.04921875
3 0.50625 0.6109375 0.021875 0.05
62 0.53984375 0.609375 0.0265625 0.0484375
38 0.60390625 0.6078125 0.02890625 0.05234375
45 0.6359375 0.60625 0.02421875 0.05234375
47 0.66953125 0.6078125 0.025 0.05
31 0.125 0.6921875 0.02578125 0.05390625
18 0.1546875 0.6953125 0.025 0.053125
15 0.18515625 0.6921875 0.02578125 0.05234375
62 0.21953125 0.690625 0.02578125 0.05234375
48 0.25078125 0.690625 0.02421875 0.04921875
34 0.315625 0.690625 0.02421875 0.04921875
54 0.34609375 0.6890625 0.0265625 0.05234375
8 0.3796875 0.6875 0.02421875 0.05078125
11 0.41171875 0.68828125 0.0234375 0.0484375
1 0.47578125 0.68359375 0.0234375 0.046875
15 0.5078125 0.68359375 0.02578125 0.05078125
1 0.540625 0.6828125 0.02265625 0.0484375
9 0.5734375 0.68203125 0.02421875 0.0515625
18 0.60546875 0.6828125 0.02578125 0.0515625
15 0.6375 0.68125 0.02578125 0.04921875
45 0.67109375 0.6828125 0.0265625 0.0515625
18 0.73671875 0.6796875 0.0265625 0.05390625
15 0.76953125 0.68125 0.02578125 0.05
61 0.8359375 0.67734375 0.02421875 0.0484375
8 0.06484375 0.76484375 0.021875 0.0515625
30 0.09453125 0.76640625 0.0234375 0.04921875
1 0.125 0.76640625 0.02265625 0.0515625
4 0.15625 0.76484375 0.02734375 0.04921875
61 0.21796875 0.7640625 0.02578125 0.04609375
30 0.25234375 0.76484375 0.0234375 0.04765625
8 0.28359375 0.7640625 0.025 0.05234375
28 0.315625 0.76171875 0.02421875 0.04921875
6 0.3484375 0.76171875 0.02578125 0.05078125
18 0.38046875 0.76328125 0.02265625 0.05078125
15 0.41328125 0.76171875 0.02265625 0.0453125
20 0.44453125 0.7578125 0.025 0.0546875
18 0.5078125 0.75625 0.02265625 0.05234375
15 0.5421875 0.75546875 0.02578125 0.05546875
45 0.57421875 0.7546875 0.0234375 0.04921875
47 0.60703125 0.75546875 0.02421875 0.05234375