13 0.865625 0.428125 0.02265625 0.05078125
21 0.896875 0.421875 0.02734375 0.06171875
13 0.371875 0.4921875 0.03125 0.05625
13 0.2140625 0.4875 0.02890625 0.0609375
21 0.246875 0.415625 0.0296875 0.06171875
21 0.46796875 0.49765625 0.03203125 0.05703125
13 0.6953125 0.57578125 0.02890625 0.065625
13 0.62578125 0.57421875 0.03125 0.0546875
13 0.153125 0.55703125 0.0390625 0.0640625
21 0.92421875 0.64765625 0.03359375 0.06484375
13 0.43359375 0.6359375 0.03359375 0.0578125
13 0.65625 0.71484375 0.03125 0.06484375