13 0.52265625 0.11875 0.03203125 0.046875
13 0.73046875 0.13125 0.04375 0.0484375
13 0.55546875 0.22109375 0.04375 0.0453125
13 0.2859375 0.32421875 0.04921875 0.0453125
13 0.54921875 0.4375 0.03671875 0.0453125
13 0.26875 0.4890625 0.0453125 0.05078125
13 0.90234375 0.50390625 0.034375 0.0515625
13 0.98359375 0.50078125 0.0328125 0.0546875
13 0.3921875 0.66875 0.05234375 0.05703125
13 0.7734375 0.6125 0.05 0.0390625
56 0.23203125 0.07421875 0.0421875 0.04140625
0 0.26953125 0.071875 0.0390625 0.03984375
0 0.31484375 0.07265625 0.04140625 0.0390625